tim(0.01213741) pos(11.5, 1.0, -26.8) ori(0.0, 270.0, 0.0)
tim(0.5268321) pos(11.5, 1.0, -26.8) ori(0.0, 270.0, 0.0)
tim(1.041) pos(11.5, 1.0, -26.8) ori(0.0, 238.1, 0.0)
tim(1.54897) pos(11.5, 1.0, -26.8) ori(0.0, 198.5, 0.0)
tim(2.07352) pos(11.5, 1.0, -26.8) ori(0.0, 188.3, 0.0)
tim(2.628336) pos(11.5, 1.0, -26.8) ori(0.0, 168.3, 0.0)
tim(3.135677) pos(11.5, 1.0, -26.8) ori(0.0, 152.3, 0.0)
tim(3.682314) pos(11.5, 1.0, -26.8) ori(0.0, 132.3, 0.0)
tim(4.234737) pos(11.5, 1.0, -26.8) ori(0.0, 116.3, 0.0)
tim(4.743745) pos(11.5, 1.0, -26.8) ori(0.0, 92.3, 0.0)
tim(5.276527) pos(11.5, 1.0, -26.8) ori(0.0, 68.3, 0.0)
tim(5.777534) pos(11.5, 1.0, -26.8) ori(0.0, 53.7, 0.0)
tim(6.28918) pos(11.5, 1.0, -26.8) ori(0.0, 43.1, 0.0)
tim(6.807611) pos(11.5, 1.0, -26.8) ori(0.0, 43.1, 0.0)
tim(7.311464) pos(11.5, 1.0, -26.8) ori(0.0, 43.1, 0.0)
tim(7.833662) pos(11.5, 1.0, -26.8) ori(0.0, 51.6, 0.0)
tim(8.354391) pos(11.5, 1.0, -26.8) ori(0.0, 58.4, 0.0)
tim(8.880921) pos(11.5, 1.0, -26.8) ori(0.0, 31.2, 0.0)
tim(9.381112) pos(11.5, 1.0, -26.8) ori(0.0, 19.4, 0.0)
tim(9.893357) pos(11.5, 1.0, -26.8) ori(0.0, 19.4, 0.0)
tim(10.42071) pos(11.5, 1.0, -26.8) ori(0.0, 19.4, 0.0)
tim(10.92244) pos(11.5, 1.0, -26.8) ori(0.0, 19.4, 0.0)
tim(11.43778) pos(11.5, 1.0, -26.8) ori(0.0, 19.4, 0.0)
tim(11.93864) pos(11.5, 1.0, -26.8) ori(0.0, 19.4, 0.0)
tim(12.46445) pos(11.5, 1.0, -26.8) ori(0.0, 19.4, 0.0)
tim(12.9681) pos(11.4, 1.0, -27.0) ori(0.0, 19.4, 0.0)
tim(13.49059) pos(11.3, 1.0, -27.2) ori(0.0, 19.4, 0.0)
tim(14.02053) pos(11.3, 1.0, -27.2) ori(0.0, 20.1, 0.0)
tim(14.54267) pos(11.3, 1.0, -27.2) ori(0.0, 20.8, 0.0)
tim(15.04772) pos(11.3, 1.0, -27.2) ori(0.0, 25.3, 0.0)
tim(15.55012) pos(11.3, 1.0, -27.2) ori(0.0, 25.3, 0.0)
tim(16.05103) pos(11.3, 1.0, -27.2) ori(0.0, 25.3, 0.0)
tim(16.56142) pos(11.3, 1.0, -27.2) ori(0.0, 26.1, 0.0)
tim(17.08168) pos(11.3, 1.0, -27.2) ori(0.0, 44.8, 0.0)
tim(17.58205) pos(11.3, 1.0, -27.2) ori(0.0, 44.9, 0.0)
tim(18.08632) pos(11.3, 1.0, -27.2) ori(0.0, 44.9, 0.0)
tim(18.59809) pos(11.3, 1.0, -27.2) ori(0.0, 44.9, 0.0)
tim(19.12726) pos(11.3, 1.0, -27.2) ori(0.0, 44.9, 0.0)
tim(19.65631) pos(11.3, 1.0, -27.2) ori(0.0, 44.9, 0.0)
tim(20.17131) pos(11.3, 1.0, -27.2) ori(0.0, 44.9, 0.0)
tim(20.69372) pos(11.3, 1.0, -27.2) ori(0.0, 44.9, 0.0)
tim(21.20234) pos(11.3, 1.0, -27.2) ori(0.0, 44.9, 0.0)
tim(21.73209) pos(11.4, 1.0, -27.1) ori(0.0, 44.9, 0.0)
tim(22.24064) pos(11.8, 1.0, -26.7) ori(0.0, 44.9, 0.0)
tim(22.76702) pos(12.0, 1.0, -26.5) ori(0.0, 28.7, 0.0)
tim(23.29897) pos(12.1, 1.0, -26.4) ori(0.0, 27.9, 0.0)
tim(23.8112) pos(12.2, 1.0, -26.2) ori(0.0, 28.6, 0.0)
tim(24.31871) pos(12.2, 1.0, -26.2) ori(0.0, 43.4, 0.0)
tim(24.83814) pos(12.6, 1.0, -25.8) ori(0.0, 43.4, 0.0)
tim(25.33913) pos(12.9, 1.0, -25.5) ori(0.0, 43.4, 0.0)
tim(25.85215) pos(13.5, 1.0, -24.8) ori(0.0, 43.4, 0.0)
tim(26.35369) pos(14.0, 1.0, -24.3) ori(0.0, 34.4, 0.0)
tim(26.86363) pos(14.2, 1.0, -24.0) ori(0.0, 18.3, 0.0)
tim(27.37723) pos(14.3, 1.0, -24.0) ori(0.0, 14.6, 0.0)
tim(27.88487) pos(14.3, 1.0, -24.0) ori(0.0, 2.1, 0.0)
tim(28.38525) pos(14.3, 1.0, -23.7) ori(0.0, 350.3, 0.0)
tim(28.88973) pos(14.3, 1.0, -23.7) ori(0.0, 2.5, 0.0)
tim(29.39111) pos(14.3, 1.0, -23.4) ori(0.0, 7.8, 0.0)
tim(29.89154) pos(14.3, 1.0, -23.4) ori(0.0, 30.9, 0.0)
tim(30.4033) pos(14.3, 1.0, -23.4) ori(0.0, 31.1, 0.0)
tim(30.92585) pos(14.3, 1.0, -23.4) ori(0.0, 31.1, 0.0)
tim(31.43858) pos(14.3, 1.0, -23.4) ori(0.0, 31.1, 0.0)
tim(31.94094) pos(14.3, 1.0, -23.4) ori(0.0, 31.1, 0.0)
tim(32.44951) pos(14.3, 1.0, -23.4) ori(0.0, 16.8, 0.0)
tim(32.98006) pos(14.3, 1.0, -23.4) ori(0.0, 22.6, 0.0)
tim(33.49619) pos(14.3, 1.0, -23.4) ori(0.0, 22.6, 0.0)
tim(34.00985) pos(14.3, 1.0, -23.4) ori(0.0, 46.3, 0.0)
tim(34.53131) pos(14.3, 1.0, -23.4) ori(0.0, 69.3, 0.0)
tim(35.03322) pos(14.3, 1.0, -23.4) ori(0.0, 100.0, 0.0)
tim(35.54838) pos(14.3, 1.0, -23.4) ori(0.0, 135.3, 0.0)
tim(36.06323) pos(14.3, 1.0, -23.4) ori(0.0, 148.5, 0.0)
tim(36.59619) pos(14.5, 1.0, -23.5) ori(0.0, 153.8, 0.0)
tim(37.12919) pos(14.9, 1.0, -24.2) ori(0.0, 160.0, 0.0)
tim(37.65052) pos(15.0, 1.0, -24.4) ori(0.0, 162.2, 0.0)
tim(38.15553) pos(15.2, 1.0, -25.2) ori(0.0, 162.2, 0.0)
tim(38.68144) pos(15.3, 1.0, -25.4) ori(0.0, 162.2, 0.0)
tim(39.19897) pos(15.3, 1.0, -25.4) ori(0.0, 162.2, 0.0)
tim(39.74574) pos(15.1, 1.0, -24.7) ori(0.0, 162.2, 0.0)
tim(40.27576) pos(14.9, 1.0, -24.0) ori(0.0, 162.2, 0.0)
tim(40.79651) pos(14.9, 1.0, -24.0) ori(0.0, 162.2, 0.0)
tim(41.33705) pos(14.9, 1.0, -24.0) ori(0.0, 162.2, 0.0)
tim(41.87582) pos(15.1, 1.0, -24.7) ori(0.0, 162.2, 0.0)
tim(42.42527) pos(15.2, 1.0, -24.9) ori(0.0, 162.2, 0.0)
tim(42.95099) pos(15.5, 1.0, -25.9) ori(0.0, 162.2, 0.0)
tim(43.4914) pos(15.5, 1.0, -26.0) ori(0.0, 162.2, 0.0)
tim(44.01311) pos(15.5, 1.0, -26.0) ori(0.0, 162.2, 0.0)
tim(44.55613) pos(15.5, 1.0, -26.0) ori(0.0, 162.2, 0.0)
tim(45.10766) pos(15.5, 1.0, -26.0) ori(0.0, 162.2, 0.0)
tim(45.63917) pos(15.5, 1.0, -26.0) ori(0.0, 162.2, 0.0)
tim(46.17974) pos(15.5, 1.0, -26.0) ori(0.0, 162.2, 0.0)
tim(46.74535) pos(15.5, 1.0, -26.0) ori(0.0, 162.2, 0.0)
tim(47.28673) pos(15.5, 1.0, -26.0) ori(0.0, 162.2, 0.0)
tim(47.79541) pos(15.5, 1.0, -26.0) ori(0.0, 162.2, 0.0)
tim(48.34068) pos(15.5, 1.0, -26.0) ori(0.0, 162.2, 0.0)
tim(48.8634) pos(15.5, 1.0, -26.0) ori(0.0, 162.2, 0.0)
tim(49.41485) pos(15.5, 1.0, -26.0) ori(0.0, 158.8, 0.0)
tim(49.95044) pos(15.5, 1.0, -26.0) ori(0.0, 151.2, 0.0)
tim(50.47447) pos(15.5, 1.0, -26.0) ori(0.0, 147.5, 0.0)
tim(50.9872) pos(15.5, 1.0, -26.0) ori(0.0, 123.8, 0.0)
tim(51.49789) pos(15.5, 1.0, -26.0) ori(0.0, 83.8, 0.0)
tim(52.01159) pos(15.5, 1.0, -26.0) ori(0.0, 62.8, 0.0)
tim(52.51668) pos(15.5, 1.0, -26.0) ori(0.0, 62.8, 0.0)
tim(53.024) pos(15.5, 1.0, -26.0) ori(0.0, 62.8, 0.0)
tim(53.55001) pos(15.5, 1.0, -26.0) ori(0.0, 56.7, 0.0)
tim(54.05101) pos(15.5, 1.0, -26.0) ori(0.0, 34.0, 0.0)
tim(54.57635) pos(15.5, 1.0, -26.0) ori(0.0, 34.0, 0.0)
tim(55.09732) pos(15.8, 1.0, -25.5) ori(0.0, 34.0, 0.0)
tim(55.60643) pos(16.3, 1.0, -24.8) ori(0.0, 34.0, 0.0)
tim(56.13383) pos(16.3, 1.0, -24.7) ori(0.0, 34.0, 0.0)
tim(56.64999) pos(16.3, 1.0, -24.7) ori(0.0, 46.5, 0.0)
tim(57.17142) pos(16.3, 1.0, -24.7) ori(0.0, 60.1, 0.0)
tim(57.70053) pos(16.3, 1.0, -24.7) ori(0.0, 79.9, 0.0)
tim(58.2254) pos(16.3, 1.0, -24.7) ori(0.0, 86.8, 0.0)
tim(58.72929) pos(16.3, 1.0, -24.7) ori(0.0, 87.6, 0.0)
tim(59.24538) pos(16.3, 1.0, -24.7) ori(0.0, 109.8, 0.0)
tim(59.76427) pos(16.3, 1.0, -24.7) ori(0.0, 113.1, 0.0)
tim(60.29176) pos(16.3, 1.0, -24.7) ori(0.0, 78.3, 0.0)
tim(60.7978) pos(16.3, 1.0, -24.7) ori(0.0, 39.3, 0.0)
tim(61.29875) pos(16.3, 1.0, -24.7) ori(0.0, 21.0, 0.0)
tim(61.80941) pos(16.3, 1.0, -24.7) ori(0.0, 15.5, 0.0)
tim(62.31878) pos(16.5, 1.0, -24.2) ori(0.0, 15.5, 0.0)
tim(62.82758) pos(16.5, 1.0, -24.0) ori(0.0, 15.5, 0.0)
tim(63.32988) pos(16.6, 1.0, -24.0) ori(0.0, 19.8, 0.0)
tim(63.85092) pos(16.6, 1.0, -23.9) ori(0.0, 42.7, 0.0)
tim(64.366) pos(16.6, 1.0, -23.9) ori(0.0, 29.5, 0.0)
tim(64.88712) pos(16.7, 1.0, -23.6) ori(0.0, 26.9, 0.0)
tim(65.41086) pos(16.9, 1.0, -23.4) ori(0.0, 21.2, 0.0)
tim(65.91741) pos(16.9, 1.0, -23.4) ori(0.0, 5.8, 0.0)
tim(66.42224) pos(16.9, 1.0, -23.4) ori(0.0, 321.8, 0.0)
tim(66.93617) pos(16.9, 1.0, -23.4) ori(0.0, 293.8, 0.0)
tim(67.44839) pos(16.9, 1.0, -23.4) ori(0.0, 337.1, 0.0)
tim(67.9716) pos(16.9, 1.0, -23.4) ori(0.0, 359.8, 0.0)
tim(68.48262) pos(16.9, 1.0, -23.4) ori(0.0, 0.7, 0.0)
tim(68.98658) pos(16.9, 1.0, -23.4) ori(0.0, 316.9, 0.0)
tim(69.49103) pos(16.9, 1.0, -23.4) ori(0.0, 252.9, 0.0)
tim(70.01324) pos(16.9, 1.0, -23.4) ori(0.0, 217.1, 0.0)
tim(70.55492) pos(16.9, 1.0, -23.4) ori(0.0, 195.5, 0.0)
tim(71.06308) pos(16.9, 1.0, -23.4) ori(0.0, 200.8, 0.0)
tim(71.58087) pos(16.9, 1.0, -23.4) ori(0.0, 220.8, 0.0)
tim(72.09648) pos(16.9, 1.0, -23.4) ori(0.0, 276.8, 0.0)
tim(72.60779) pos(16.9, 1.0, -23.4) ori(0.0, 328.8, 0.0)
tim(73.12039) pos(16.9, 1.0, -23.4) ori(0.0, 349.3, 0.0)
tim(73.6321) pos(16.9, 1.0, -23.4) ori(0.0, 355.4, 0.0)
tim(74.16244) pos(16.9, 1.0, -23.2) ori(0.0, 22.1, 0.0)
tim(74.67442) pos(16.9, 1.0, -22.8) ori(0.0, 16.4, 0.0)
tim(75.19356) pos(17.1, 1.0, -21.9) ori(0.0, 7.0, 0.0)
tim(75.72256) pos(17.2, 1.0, -20.8) ori(0.0, 7.0, 0.0)
tim(76.24606) pos(17.5, 1.0, -18.7) ori(0.0, 3.1, 0.0)
tim(76.74948) pos(17.2, 1.0, -16.7) ori(0.0, 324.7, 0.0)
tim(77.25747) pos(16.5, 1.0, -15.7) ori(0.0, 318.7, 0.0)
tim(77.75807) pos(16.4, 1.0, -15.6) ori(0.0, 292.3, 0.0)
tim(78.26954) pos(15.8, 1.0, -15.4) ori(0.0, 281.4, 0.0)
tim(78.77438) pos(15.8, 1.0, -15.4) ori(0.0, 232.0, 0.0)
tim(79.28131) pos(15.8, 1.0, -15.4) ori(0.0, 263.2, 0.0)
tim(79.7962) pos(15.8, 1.0, -15.4) ori(0.0, 319.6, 0.0)
tim(80.31076) pos(15.8, 1.0, -15.4) ori(0.0, 23.2, 0.0)
tim(80.81121) pos(15.8, 1.0, -15.4) ori(0.0, 36.3, 0.0)
tim(81.33387) pos(15.8, 1.0, -15.4) ori(0.0, 44.1, 0.0)
tim(81.8617) pos(15.8, 1.0, -15.4) ori(0.0, 66.5, 0.0)
tim(82.39256) pos(15.8, 1.0, -15.4) ori(0.0, 68.4, 0.0)
tim(82.91435) pos(15.8, 1.0, -15.4) ori(0.0, 86.2, 0.0)
tim(83.45469) pos(15.8, 1.0, -15.4) ori(0.0, 95.6, 0.0)
tim(83.99741) pos(15.8, 1.0, -15.4) ori(0.0, 112.3, 0.0)
tim(84.52125) pos(15.8, 1.0, -15.4) ori(0.0, 137.0, 0.0)
tim(85.02235) pos(15.8, 1.0, -15.4) ori(0.0, 146.2, 0.0)
tim(85.53181) pos(15.8, 1.0, -15.4) ori(0.0, 175.5, 0.0)
tim(86.06237) pos(15.8, 1.0, -15.4) ori(0.0, 200.2, 0.0)
tim(86.56701) pos(15.8, 1.0, -15.4) ori(0.0, 220.7, 0.0)
tim(87.08115) pos(15.8, 1.0, -15.4) ori(0.0, 272.7, 0.0)
tim(87.59518) pos(15.8, 1.0, -15.4) ori(0.0, 314.1, 0.0)
tim(88.1109) pos(15.8, 1.0, -15.4) ori(0.0, 355.3, 0.0)
tim(88.63296) pos(15.8, 1.0, -15.4) ori(0.0, 45.2, 0.0)
tim(89.16686) pos(15.8, 1.0, -15.4) ori(0.0, 66.0, 0.0)
tim(89.70144) pos(15.8, 1.0, -15.4) ori(0.0, 90.0, 0.0)
tim(90.24091) pos(15.8, 1.0, -15.4) ori(0.0, 106.6, 0.0)
tim(90.74853) pos(15.8, 1.0, -15.4) ori(0.0, 116.3, 0.0)
tim(91.28522) pos(15.8, 1.0, -15.4) ori(0.0, 93.2, 0.0)
tim(91.80379) pos(15.8, 1.0, -15.4) ori(0.0, 73.2, 0.0)
tim(92.30758) pos(15.8, 1.0, -15.4) ori(0.0, 41.2, 0.0)
tim(92.82333) pos(15.8, 1.0, -15.4) ori(0.0, 345.2, 0.0)
tim(93.3367) pos(15.8, 1.0, -15.4) ori(0.0, 285.2, 0.0)
tim(93.85088) pos(15.8, 1.0, -15.4) ori(0.0, 259.0, 0.0)
tim(94.35564) pos(15.8, 1.0, -15.4) ori(0.0, 221.1, 0.0)
tim(94.88734) pos(15.8, 1.0, -15.4) ori(0.0, 203.2, 0.0)
tim(95.40065) pos(15.8, 1.0, -15.4) ori(0.0, 199.5, 0.0)
tim(95.9221) pos(15.8, 1.0, -15.4) ori(0.0, 186.2, 0.0)
tim(96.42262) pos(15.8, 1.0, -15.4) ori(0.0, 175.7, 0.0)
tim(96.92564) pos(15.8, 1.0, -15.4) ori(0.0, 147.7, 0.0)
tim(97.42775) pos(15.8, 1.0, -15.4) ori(0.0, 115.7, 0.0)
tim(97.95307) pos(15.8, 1.0, -15.4) ori(0.0, 88.2, 0.0)
tim(98.49339) pos(15.8, 1.0, -15.4) ori(0.0, 82.4, 0.0)
tim(99.01076) pos(15.8, 1.0, -15.4) ori(0.0, 63.4, 0.0)
tim(99.5182) pos(15.8, 1.0, -15.4) ori(0.0, 21.2, 0.0)
tim(100.025) pos(15.8, 1.0, -15.4) ori(0.0, 358.5, 0.0)
tim(100.5395) pos(15.9, 1.0, -14.7) ori(0.0, 358.5, 0.0)
tim(101.054) pos(15.9, 1.0, -13.9) ori(0.0, 5.6, 0.0)
tim(101.568) pos(15.9, 1.0, -13.8) ori(0.0, 12.8, 0.0)
tim(102.0835) pos(15.9, 1.0, -13.5) ori(0.0, 46.9, 0.0)
tim(102.584) pos(15.9, 1.0, -13.5) ori(0.0, 98.7, 0.0)
tim(103.116) pos(15.9, 1.0, -13.5) ori(0.0, 120.3, 0.0)
tim(103.6217) pos(15.9, 1.0, -13.5) ori(0.0, 152.3, 0.0)
tim(104.1456) pos(15.9, 1.0, -13.5) ori(0.0, 170.9, 0.0)
tim(104.657) pos(15.9, 1.0, -13.5) ori(0.0, 193.4, 0.0)
tim(105.1674) pos(15.8, 1.0, -14.1) ori(0.0, 188.6, 0.0)
tim(105.6879) pos(15.8, 1.0, -14.6) ori(0.0, 168.7, 0.0)
tim(106.2089) pos(15.8, 1.0, -14.6) ori(0.0, 172.9, 0.0)
tim(106.722) pos(15.8, 1.0, -14.6) ori(0.0, 200.9, 0.0)
tim(107.2281) pos(15.8, 1.0, -14.6) ori(0.0, 240.9, 0.0)
tim(107.74) pos(15.8, 1.0, -14.6) ori(0.0, 300.9, 0.0)
tim(108.2554) pos(15.8, 1.0, -14.6) ori(0.0, 4.9, 0.0)
tim(108.7734) pos(15.8, 1.0, -14.6) ori(0.0, 56.9, 0.0)
tim(109.299) pos(15.8, 1.0, -14.6) ori(0.0, 84.9, 0.0)
tim(109.8236) pos(15.8, 1.0, -14.6) ori(0.0, 104.9, 0.0)
tim(110.3408) pos(15.8, 1.0, -14.6) ori(0.0, 132.9, 0.0)
tim(110.8554) pos(15.8, 1.0, -14.6) ori(0.0, 159.9, 0.0)
tim(111.3582) pos(15.8, 1.0, -14.7) ori(0.0, 160.5, 0.0)
tim(111.8869) pos(15.9, 1.0, -15.0) ori(0.0, 182.5, 0.0)
tim(112.3929) pos(15.9, 1.0, -15.2) ori(0.0, 194.4, 0.0)
tim(112.9111) pos(15.8, 1.0, -15.8) ori(0.0, 194.4, 0.0)
tim(113.4212) pos(15.8, 1.0, -15.8) ori(0.0, 181.1, 0.0)
tim(113.9455) pos(15.8, 1.0, -15.8) ori(0.0, 185.7, 0.0)
tim(114.4548) pos(15.8, 1.0, -15.9) ori(0.0, 169.7, 0.0)
tim(114.9608) pos(15.6, 1.0, -16.3) ori(0.0, 166.8, 0.0)
tim(115.4819) pos(15.6, 1.0, -16.3) ori(0.0, 137.1, 0.0)
tim(116.022) pos(15.6, 1.0, -16.3) ori(0.0, 105.1, 0.0)
tim(116.543) pos(15.6, 1.0, -16.3) ori(0.0, 81.1, 0.0)
tim(117.0886) pos(15.6, 1.0, -16.3) ori(0.0, 61.1, 0.0)
tim(117.6062) pos(15.6, 1.0, -16.3) ori(0.0, 25.1, 0.0)
tim(118.1119) pos(15.6, 1.0, -16.3) ori(0.0, 325.1, 0.0)
tim(118.6256) pos(15.6, 1.0, -16.3) ori(0.0, 307.4, 0.0)
tim(119.1271) pos(15.6, 1.0, -16.3) ori(0.0, 358.9, 0.0)
tim(119.6479) pos(15.6, 1.0, -16.3) ori(0.0, 46.9, 0.0)
tim(120.174) pos(15.6, 1.0, -16.3) ori(0.0, 49.3, 0.0)
tim(120.6912) pos(15.9, 1.0, -16.1) ori(0.0, 49.1, 0.0)
tim(121.1927) pos(16.3, 1.0, -15.8) ori(0.0, 43.1, 0.0)
tim(121.6945) pos(16.6, 1.0, -15.4) ori(0.0, 41.3, 0.0)
tim(122.2105) pos(17.0, 1.0, -14.9) ori(0.0, 18.7, 0.0)
tim(122.7247) pos(17.2, 1.0, -14.3) ori(0.0, 18.7, 0.0)
tim(123.2394) pos(17.6, 1.0, -13.1) ori(0.0, 31.4, 0.0)
tim(123.757) pos(17.7, 1.0, -12.9) ori(0.0, 59.0, 0.0)
tim(124.2853) pos(17.8, 1.0, -12.8) ori(0.0, 75.7, 0.0)
tim(124.7908) pos(18.3, 1.0, -12.7) ori(0.0, 75.7, 0.0)
tim(125.3038) pos(19.1, 1.0, -12.5) ori(0.0, 75.7, 0.0)
tim(125.8226) pos(19.5, 1.0, -12.4) ori(0.0, 76.1, 0.0)
tim(126.3433) pos(20.4, 1.0, -12.2) ori(0.0, 78.8, 0.0)
tim(126.8583) pos(20.6, 1.0, -12.1) ori(0.0, 101.0, 0.0)
tim(127.3858) pos(21.1, 1.0, -12.3) ori(0.0, 111.4, 0.0)
tim(127.9083) pos(21.2, 1.0, -12.3) ori(0.0, 121.2, 0.0)
tim(128.4275) pos(21.2, 1.0, -12.3) ori(0.0, 135.8, 0.0)
tim(128.9322) pos(21.2, 1.0, -12.3) ori(0.0, 152.9, 0.0)
tim(129.4487) pos(21.4, 1.0, -12.6) ori(0.0, 155.1, 0.0)
tim(129.9728) pos(21.6, 1.0, -13.0) ori(0.0, 166.5, 0.0)
tim(130.4859) pos(21.6, 1.0, -13.0) ori(0.0, 149.2, 0.0)
tim(130.9877) pos(21.6, 1.0, -13.0) ori(0.0, 153.6, 0.0)
tim(131.5112) pos(21.6, 1.0, -13.0) ori(0.0, 186.5, 0.0)
tim(132.0254) pos(21.5, 1.0, -13.6) ori(0.0, 196.1, 0.0)
tim(132.5338) pos(21.3, 1.0, -14.2) ori(0.0, 204.5, 0.0)
tim(133.0383) pos(21.0, 1.0, -15.2) ori(0.0, 196.9, 0.0)
tim(133.5537) pos(20.8, 1.0, -15.8) ori(0.0, 185.4, 0.0)
tim(134.0765) pos(20.8, 1.0, -15.9) ori(0.0, 159.9, 0.0)
tim(134.5905) pos(20.8, 1.0, -15.9) ori(0.0, 149.9, 0.0)
tim(135.1166) pos(20.8, 1.0, -15.9) ori(0.0, 162.0, 0.0)
tim(135.6353) pos(20.8, 1.0, -15.9) ori(0.0, 162.0, 0.0)
tim(136.1485) pos(20.8, 1.0, -15.9) ori(0.0, 158.1, 0.0)
tim(136.6535) pos(20.8, 1.0, -15.9) ori(0.0, 148.5, 0.0)
tim(137.1617) pos(20.8, 1.0, -15.9) ori(0.0, 141.4, 0.0)
tim(137.6813) pos(21.0, 1.0, -16.2) ori(0.0, 138.0, 0.0)
tim(138.193) pos(21.6, 1.0, -16.7) ori(0.0, 110.9, 0.0)
tim(138.7322) pos(23.0, 1.0, -16.7) ori(0.0, 102.1, 0.0)
tim(139.2611) pos(24.6, 1.0, -16.9) ori(0.0, 110.9, 0.0)
tim(139.78) pos(24.6, 1.0, -16.9) ori(0.0, 135.1, 0.0)
tim(140.2924) pos(24.6, 1.0, -16.9) ori(0.0, 173.4, 0.0)
tim(140.8004) pos(24.6, 1.0, -16.9) ori(0.0, 175.7, 0.0)
tim(141.3039) pos(24.6, 1.0, -16.9) ori(0.0, 175.7, 0.0)
tim(141.8222) pos(24.6, 1.0, -16.9) ori(0.0, 161.5, 0.0)
tim(142.3327) pos(24.6, 1.0, -16.9) ori(0.0, 149.0, 0.0)
tim(142.8471) pos(24.9, 1.0, -17.1) ori(0.0, 134.9, 0.0)
tim(143.3662) pos(25.1, 1.0, -17.3) ori(0.0, 129.8, 0.0)
tim(143.8938) pos(25.3, 1.0, -17.6) ori(0.0, 127.3, 0.0)
tim(144.409) pos(25.6, 1.0, -17.7) ori(0.0, 141.5, 0.0)
tim(144.9092) pos(25.6, 1.0, -17.8) ori(0.0, 136.2, 0.0)
tim(145.4163) pos(25.6, 1.0, -17.8) ori(0.0, 136.2, 0.0)
tim(145.9371) pos(25.6, 1.0, -17.8) ori(0.0, 132.2, 0.0)
tim(146.4502) pos(25.6, 1.0, -17.8) ori(0.0, 110.9, 0.0)
tim(146.9504) pos(25.6, 1.0, -17.8) ori(0.0, 82.9, 0.0)
tim(147.4579) pos(25.6, 1.0, -17.8) ori(0.0, 48.9, 0.0)
tim(147.9613) pos(25.6, 1.0, -17.8) ori(0.0, 36.7, 0.0)
tim(148.4859) pos(25.6, 1.0, -17.8) ori(0.0, 6.6, 0.0)
tim(149.0091) pos(25.6, 1.0, -17.8) ori(0.0, 6.0, 0.0)
tim(149.5366) pos(25.5, 1.0, -18.3) ori(0.0, 6.0, 0.0)
tim(150.0581) pos(25.5, 1.0, -18.4) ori(0.0, 356.5, 0.0)
tim(150.59) pos(25.4, 1.0, -18.1) ori(0.0, 347.2, 0.0)
tim(151.1007) pos(25.4, 1.0, -17.8) ori(0.0, 352.5, 0.0)
tim(151.617) pos(25.4, 1.0, -17.8) ori(0.0, 10.2, 0.0)
tim(152.1363) pos(25.4, 1.0, -17.8) ori(0.0, 25.7, 0.0)
tim(152.638) pos(25.4, 1.0, -17.8) ori(0.0, 54.3, 0.0)
tim(153.1556) pos(25.8, 1.0, -17.4) ori(0.0, 61.1, 0.0)
tim(153.6709) pos(26.6, 1.0, -17.0) ori(0.0, 64.3, 0.0)
tim(154.1789) pos(26.8, 1.0, -16.9) ori(0.0, 72.1, 0.0)
tim(154.6899) pos(27.5, 1.0, -16.6) ori(0.0, 72.1, 0.0)
tim(155.1947) pos(28.2, 1.0, -16.4) ori(0.0, 52.6, 0.0)
tim(155.7074) pos(28.5, 1.0, -16.2) ori(0.0, 37.9, 0.0)
tim(156.2098) pos(28.9, 1.0, -15.6) ori(0.0, 37.3, 0.0)
tim(156.7185) pos(28.9, 1.0, -15.6) ori(0.0, 19.2, 0.0)
tim(157.2288) pos(28.9, 1.0, -15.0) ori(0.0, 359.3, 0.0)
tim(157.7321) pos(29.0, 1.0, -14.5) ori(0.0, 339.5, 0.0)
tim(158.2467) pos(29.0, 1.0, -14.5) ori(0.0, 306.9, 0.0)
tim(158.7597) pos(29.0, 1.0, -14.5) ori(0.0, 289.1, 0.0)
tim(159.2717) pos(29.0, 1.0, -14.5) ori(0.0, 274.3, 0.0)
tim(159.8032) pos(29.0, 1.0, -14.5) ori(0.0, 265.9, 0.0)
tim(160.3055) pos(29.0, 1.0, -14.5) ori(0.0, 281.1, 0.0)
tim(160.8288) pos(29.0, 1.0, -14.5) ori(0.0, 281.8, 0.0)
tim(161.3604) pos(29.0, 1.0, -14.5) ori(0.0, 281.8, 0.0)
tim(161.8981) pos(29.0, 1.0, -14.5) ori(0.0, 283.7, 0.0)
tim(162.4082) pos(29.0, 1.0, -14.5) ori(0.0, 301.5, 0.0)
tim(162.9154) pos(29.0, 1.0, -14.5) ori(0.0, 301.6, 0.0)
tim(163.4186) pos(29.0, 1.0, -14.5) ori(0.0, 311.7, 0.0)
tim(163.9311) pos(29.0, 1.0, -14.5) ori(0.0, 323.1, 0.0)
tim(164.433) pos(29.0, 1.0, -14.5) ori(0.0, 332.7, 0.0)
tim(164.9373) pos(29.0, 1.0, -14.5) ori(0.0, 338.4, 0.0)
tim(165.4409) pos(29.0, 1.0, -14.5) ori(0.0, 338.1, 0.0)
tim(165.9566) pos(28.8, 1.0, -14.1) ori(0.0, 338.1, 0.0)
tim(166.4677) pos(28.6, 1.0, -13.6) ori(0.0, 338.1, 0.0)
tim(166.9819) pos(28.5, 1.0, -13.2) ori(0.0, 331.0, 0.0)
tim(167.4843) pos(28.4, 1.0, -13.2) ori(0.0, 285.8, 0.0)
tim(167.9917) pos(28.4, 1.0, -13.2) ori(0.0, 274.9, 0.0)
tim(168.5247) pos(28.4, 1.0, -13.2) ori(0.0, 262.3, 0.0)
tim(169.0575) pos(28.4, 1.0, -13.2) ori(0.0, 262.7, 0.0)
tim(169.5633) pos(28.4, 1.0, -13.2) ori(0.0, 290.9, 0.0)
tim(170.0724) pos(28.4, 1.0, -13.2) ori(0.0, 301.9, 0.0)
tim(170.5936) pos(28.4, 1.0, -13.2) ori(0.0, 307.9, 0.0)
tim(171.0965) pos(28.4, 1.0, -13.2) ori(0.0, 337.7, 0.0)
tim(171.6106) pos(28.4, 1.0, -13.2) ori(0.0, 3.6, 0.0)
tim(172.1208) pos(28.4, 1.0, -13.2) ori(0.0, 55.6, 0.0)
tim(172.644) pos(28.4, 1.0, -13.2) ori(0.0, 107.6, 0.0)
tim(173.151) pos(28.4, 1.0, -13.2) ori(0.0, 140.3, 0.0)
tim(173.6593) pos(28.4, 1.0, -13.2) ori(0.0, 151.0, 0.0)
tim(174.1696) pos(28.5, 1.0, -13.3) ori(0.0, 174.2, 0.0)
tim(174.6847) pos(28.7, 1.0, -14.2) ori(0.0, 174.9, 0.0)
tim(175.2062) pos(28.7, 1.0, -14.7) ori(0.0, 200.5, 0.0)
tim(175.7265) pos(28.7, 1.0, -14.8) ori(0.0, 215.3, 0.0)
tim(176.231) pos(28.4, 1.0, -15.2) ori(0.0, 215.3, 0.0)
tim(176.7661) pos(27.9, 1.0, -15.9) ori(0.0, 193.6, 0.0)
tim(177.2669) pos(27.9, 1.0, -16.6) ori(0.0, 160.5, 0.0)
tim(177.7811) pos(27.9, 1.0, -16.7) ori(0.0, 154.5, 0.0)
tim(178.3029) pos(27.9, 1.0, -16.7) ori(0.0, 182.0, 0.0)
tim(178.8179) pos(27.9, 1.0, -16.7) ori(0.0, 218.0, 0.0)
tim(179.3363) pos(27.9, 1.0, -16.7) ori(0.0, 262.0, 0.0)
tim(179.8482) pos(27.9, 1.0, -16.7) ori(0.0, 290.0, 0.0)
tim(180.3636) pos(27.9, 1.0, -16.7) ori(0.0, 318.0, 0.0)
tim(180.8802) pos(27.9, 1.0, -16.7) ori(0.0, 354.0, 0.0)
tim(181.386) pos(27.9, 1.0, -16.7) ori(0.0, 30.0, 0.0)
tim(181.8934) pos(27.9, 1.0, -16.7) ori(0.0, 74.0, 0.0)
tim(182.4306) pos(27.9, 1.0, -16.7) ori(0.0, 109.7, 0.0)
tim(182.9696) pos(28.4, 1.0, -16.7) ori(0.0, 110.3, 0.0)
tim(183.4863) pos(28.5, 1.0, -16.7) ori(0.0, 110.3, 0.0)
tim(184.0234) pos(28.5, 1.0, -16.7) ori(0.0, 110.3, 0.0)
tim(184.5383) pos(28.5, 1.0, -16.7) ori(0.0, 110.3, 0.0)
tim(185.0384) pos(28.9, 1.0, -16.9) ori(0.0, 110.3, 0.0)
tim(185.5637) pos(29.8, 1.0, -17.2) ori(0.0, 110.3, 0.0)
tim(186.0776) pos(31.2, 1.0, -17.7) ori(0.0, 110.3, 0.0)
tim(186.5961) pos(31.8, 1.0, -17.9) ori(0.0, 80.5, 0.0)
tim(187.1098) pos(32.4, 1.0, -17.8) ori(0.0, 64.1, 0.0)
tim(187.6258) pos(32.7, 1.0, -17.7) ori(0.0, 45.7, 0.0)
tim(188.1296) pos(32.7, 1.0, -17.7) ori(0.0, 16.9, 0.0)
tim(188.6498) pos(32.8, 1.0, -17.4) ori(0.0, 354.7, 0.0)
tim(189.1541) pos(32.7, 1.0, -16.4) ori(0.0, 327.9, 0.0)
tim(189.6588) pos(31.9, 1.0, -15.4) ori(0.0, 318.7, 0.0)
tim(190.1648) pos(31.0, 1.0, -14.1) ori(0.0, 346.3, 0.0)
tim(190.6786) pos(30.7, 1.0, -13.7) ori(0.0, 40.1, 0.0)
tim(191.182) pos(30.7, 1.0, -13.6) ori(0.0, 79.2, 0.0)
tim(191.6962) pos(30.7, 1.0, -13.6) ori(0.0, 91.0, 0.0)
tim(192.2024) pos(30.5, 1.0, -13.5) ori(0.0, 81.5, 0.0)
tim(192.7042) pos(30.5, 1.0, -13.7) ori(0.0, 73.5, 0.0)
tim(193.2086) pos(30.5, 1.0, -13.7) ori(0.0, 110.8, 0.0)
tim(193.7535) pos(30.5, 1.0, -13.7) ori(0.0, 120.3, 0.0)
tim(194.2545) pos(30.5, 1.0, -13.7) ori(0.0, 120.3, 0.0)
tim(194.775) pos(30.5, 1.0, -13.7) ori(0.0, 120.3, 0.0)
tim(195.2835) pos(30.5, 1.0, -13.7) ori(0.0, 120.3, 0.0)
tim(195.7934) pos(30.5, 1.0, -13.7) ori(0.0, 120.3, 0.0)
tim(196.303) pos(30.5, 1.0, -13.7) ori(0.0, 120.3, 0.0)
tim(196.8139) pos(30.5, 1.0, -13.7) ori(0.0, 120.3, 0.0)
tim(197.3308) pos(30.5, 1.0, -13.7) ori(0.0, 120.3, 0.0)
tim(197.8352) pos(30.5, 1.0, -13.7) ori(0.0, 120.3, 0.0)
tim(198.3549) pos(30.5, 1.0, -13.7) ori(0.0, 102.9, 0.0)
tim(198.859) pos(30.5, 1.0, -13.7) ori(0.0, 96.5, 0.0)
tim(199.3711) pos(31.2, 1.0, -13.8) ori(0.0, 84.2, 0.0)
tim(199.8729) pos(31.5, 1.0, -13.7) ori(0.0, 63.5, 0.0)
tim(200.3832) pos(31.9, 1.0, -13.6) ori(0.0, 63.5, 0.0)
tim(200.8972) pos(32.7, 1.0, -13.2) ori(0.0, 66.7, 0.0)
tim(201.4115) pos(32.8, 1.0, -13.1) ori(0.0, 67.1, 0.0)
tim(201.9261) pos(32.8, 1.0, -13.1) ori(0.0, 95.5, 0.0)
tim(202.4406) pos(32.8, 1.0, -13.1) ori(0.0, 98.3, 0.0)
tim(202.9547) pos(32.8, 1.0, -13.1) ori(0.0, 45.6, 0.0)
tim(203.471) pos(32.8, 1.0, -13.1) ori(0.0, 352.5, 0.0)
tim(203.9854) pos(32.8, 1.0, -13.1) ori(0.0, 349.0, 0.0)
tim(204.4998) pos(32.8, 1.0, -13.1) ori(0.0, 349.0, 0.0)
tim(205.0143) pos(32.8, 1.0, -13.1) ori(0.0, 350.2, 0.0)
tim(205.5289) pos(32.8, 1.0, -13.1) ori(0.0, 356.9, 0.0)
tim(206.043) pos(32.8, 1.0, -13.1) ori(0.0, 346.8, 0.0)
tim(206.5515) pos(32.8, 1.0, -13.1) ori(0.0, 17.0, 0.0)
tim(207.061) pos(32.8, 1.0, -13.1) ori(0.0, 10.4, 0.0)
tim(207.5698) pos(32.8, 1.0, -13.1) ori(0.0, 357.4, 0.0)
tim(208.084) pos(32.8, 1.0, -13.1) ori(0.0, 337.5, 0.0)
tim(208.585) pos(32.8, 1.0, -13.1) ori(0.0, 14.4, 0.0)
tim(209.0957) pos(32.8, 1.0, -13.1) ori(0.0, 39.6, 0.0)
tim(209.609) pos(32.8, 1.0, -13.1) ori(0.0, 67.7, 0.0)
tim(210.1237) pos(32.8, 1.0, -13.1) ori(0.0, 82.2, 0.0)
tim(210.6379) pos(32.8, 1.0, -13.1) ori(0.0, 93.4, 0.0)
tim(211.1481) pos(32.8, 1.0, -13.1) ori(0.0, 125.4, 0.0)
tim(211.6653) pos(32.8, 1.0, -13.1) ori(0.0, 142.1, 0.0)
tim(212.1704) pos(32.8, 1.0, -13.1) ori(0.0, 145.7, 0.0)
tim(212.6958) pos(32.8, 1.0, -13.1) ori(0.0, 145.7, 0.0)
tim(213.2333) pos(32.8, 1.0, -13.1) ori(0.0, 159.9, 0.0)
tim(213.74) pos(32.9, 1.0, -13.3) ori(0.0, 161.7, 0.0)
tim(214.2558) pos(33.1, 1.0, -14.1) ori(0.0, 161.7, 0.0)
tim(214.7818) pos(33.4, 1.0, -14.8) ori(0.0, 158.0, 0.0)
tim(215.298) pos(33.6, 1.0, -15.2) ori(0.0, 139.7, 0.0)
tim(215.8191) pos(34.3, 1.0, -16.0) ori(0.0, 139.7, 0.0)
tim(216.3289) pos(34.5, 1.0, -16.2) ori(0.0, 138.6, 0.0)
tim(216.8627) pos(34.9, 1.0, -16.8) ori(0.0, 137.5, 0.0)
tim(217.4019) pos(35.5, 1.0, -17.3) ori(0.0, 134.7, 0.0)
tim(217.9027) pos(35.5, 1.0, -17.4) ori(0.0, 134.7, 0.0)
tim(218.4391) pos(35.5, 1.0, -17.4) ori(0.0, 132.7, 0.0)
tim(218.9519) pos(35.5, 1.0, -17.4) ori(0.0, 87.2, 0.0)
tim(219.467) pos(35.5, 1.0, -17.3) ori(0.0, 27.2, 0.0)
tim(219.9681) pos(35.6, 1.0, -16.5) ori(0.0, 327.2, 0.0)
tim(220.5003) pos(34.9, 1.0, -15.6) ori(0.0, 313.6, 0.0)
tim(221.0065) pos(33.6, 1.0, -14.3) ori(0.0, 313.6, 0.0)
tim(221.5186) pos(32.1, 1.0, -12.9) ori(0.0, 313.6, 0.0)
tim(222.0231) pos(31.4, 1.0, -12.2) ori(0.0, 341.3, 0.0)
tim(222.5389) pos(31.3, 1.0, -12.2) ori(0.0, 33.3, 0.0)
tim(223.0552) pos(31.3, 1.0, -12.2) ori(0.0, 93.3, 0.0)
tim(223.5803) pos(31.3, 1.0, -12.2) ori(0.0, 118.1, 0.0)
tim(224.0915) pos(32.0, 1.0, -12.2) ori(0.0, 137.9, 0.0)
tim(224.6022) pos(32.2, 1.0, -12.5) ori(0.0, 138.8, 0.0)
tim(225.1234) pos(32.7, 1.0, -13.0) ori(0.0, 138.8, 0.0)
tim(225.6397) pos(33.0, 1.0, -13.3) ori(0.0, 153.6, 0.0)
tim(226.1633) pos(33.4, 1.0, -14.2) ori(0.0, 151.1, 0.0)
tim(226.6843) pos(33.7, 1.0, -14.7) ori(0.0, 140.1, 0.0)
tim(227.2058) pos(34.2, 1.0, -15.4) ori(0.0, 140.1, 0.0)
tim(227.7314) pos(34.4, 1.0, -15.7) ori(0.0, 142.0, 0.0)
tim(228.2658) pos(34.4, 1.0, -15.7) ori(0.0, 167.7, 0.0)
tim(228.7953) pos(34.4, 1.0, -15.7) ori(0.0, 191.7, 0.0)
tim(229.2995) pos(34.4, 1.0, -15.7) ori(0.0, 207.7, 0.0)
tim(229.812) pos(34.4, 1.0, -15.7) ori(0.0, 231.7, 0.0)
tim(230.3231) pos(34.4, 1.0, -15.7) ori(0.0, 246.1, 0.0)
tim(230.8454) pos(33.9, 1.0, -15.8) ori(0.0, 271.6, 0.0)
tim(231.3734) pos(32.9, 1.0, -15.7) ori(0.0, 287.6, 0.0)
tim(231.9093) pos(32.7, 1.0, -15.6) ori(0.0, 307.6, 0.0)
tim(232.4291) pos(32.7, 1.0, -15.6) ori(0.0, 332.1, 0.0)
tim(232.9398) pos(32.7, 1.0, -15.6) ori(0.0, 332.6, 0.0)
tim(233.4417) pos(32.7, 1.0, -15.6) ori(0.0, 8.7, 0.0)
tim(233.9524) pos(32.7, 1.0, -15.6) ori(0.0, 68.7, 0.0)
tim(234.4614) pos(32.7, 1.0, -15.6) ori(0.0, 113.6, 0.0)
tim(234.9976) pos(32.7, 1.0, -15.6) ori(0.0, 120.5, 0.0)
tim(235.5212) pos(32.7, 1.0, -15.6) ori(0.0, 140.6, 0.0)
tim(236.0485) pos(32.7, 1.0, -15.6) ori(0.0, 164.6, 0.0)
tim(236.5593) pos(32.7, 1.0, -15.6) ori(0.0, 188.6, 0.0)
tim(237.0969) pos(32.7, 1.0, -15.6) ori(0.0, 188.8, 0.0)
tim(237.6397) pos(32.7, 1.0, -15.6) ori(0.0, 168.8, 0.0)
tim(238.1507) pos(32.7, 1.0, -15.6) ori(0.0, 140.8, 0.0)
tim(238.6648) pos(33.2, 1.0, -16.1) ori(0.0, 130.9, 0.0)
tim(239.1807) pos(34.1, 1.0, -16.8) ori(0.0, 113.1, 0.0)
tim(239.6936) pos(35.8, 1.0, -17.4) ori(0.0, 106.4, 0.0)
tim(240.1963) pos(36.6, 1.0, -17.7) ori(0.0, 140.3, 0.0)
tim(240.7126) pos(37.1, 1.0, -18.1) ori(0.0, 151.6, 0.0)
tim(241.2593) pos(37.6, 1.0, -19.1) ori(0.0, 158.3, 0.0)
tim(241.8121) pos(37.7, 1.0, -20.5) ori(0.0, 171.8, 0.0)
tim(242.3377) pos(37.8, 1.0, -22.0) ori(0.0, 182.3, 0.0)
tim(242.8432) pos(37.7, 1.0, -22.8) ori(0.0, 193.7, 0.0)
tim(243.3958) pos(37.5, 1.0, -23.8) ori(0.0, 202.1, 0.0)
tim(243.9291) pos(37.4, 1.0, -24.0) ori(0.0, 218.1, 0.0)
tim(244.4586) pos(37.4, 1.0, -24.0) ori(0.0, 238.1, 0.0)
tim(244.9816) pos(37.4, 1.0, -24.0) ori(0.0, 266.1, 0.0)
tim(245.4982) pos(37.4, 1.0, -24.0) ori(0.0, 291.9, 0.0)
tim(246.0293) pos(37.4, 1.0, -24.0) ori(0.0, 293.4, 0.0)
tim(246.5463) pos(36.6, 1.0, -23.7) ori(0.0, 290.4, 0.0)
tim(247.0559) pos(35.5, 1.0, -23.4) ori(0.0, 282.5, 0.0)
tim(247.5814) pos(33.6, 1.0, -23.0) ori(0.0, 282.5, 0.0)
tim(248.0832) pos(32.4, 1.0, -22.7) ori(0.0, 272.8, 0.0)
tim(248.61) pos(32.4, 1.0, -22.7) ori(0.0, 221.5, 0.0)
tim(249.1721) pos(32.4, 1.0, -22.7) ori(0.0, 193.5, 0.0)
tim(249.6965) pos(32.4, 1.0, -22.7) ori(0.0, 173.5, 0.0)
tim(250.2427) pos(32.4, 1.0, -22.7) ori(0.0, 149.5, 0.0)
tim(250.7819) pos(32.4, 1.0, -22.7) ori(0.0, 122.2, 0.0)
tim(251.2973) pos(32.4, 1.0, -22.7) ori(0.0, 119.2, 0.0)
tim(251.8567) pos(31.7, 1.0, -22.3) ori(0.0, 119.2, 0.0)
tim(252.3807) pos(31.1, 1.0, -22.0) ori(0.0, 113.7, 0.0)
tim(252.92) pos(31.1, 1.0, -22.0) ori(0.0, 118.1, 0.0)
tim(253.4503) pos(31.1, 1.0, -22.0) ori(0.0, 130.3, 0.0)
tim(253.955) pos(31.1, 1.0, -22.0) ori(0.0, 145.7, 0.0)
tim(254.4739) pos(31.4, 1.0, -22.4) ori(0.0, 151.9, 0.0)
tim(254.999) pos(31.6, 1.0, -22.8) ori(0.0, 158.3, 0.0)
tim(255.547) pos(31.7, 1.0, -23.3) ori(0.0, 156.8, 0.0)
tim(256.0496) pos(32.0, 1.0, -23.9) ori(0.0, 152.2, 0.0)
tim(256.5846) pos(32.0, 1.0, -24.0) ori(0.0, 151.4, 0.0)
tim(257.1105) pos(32.0, 1.0, -24.0) ori(0.0, 137.0, 0.0)
tim(257.6339) pos(31.5, 1.0, -23.5) ori(0.0, 124.0, 0.0)
tim(258.1945) pos(31.0, 1.0, -23.2) ori(0.0, 138.7, 0.0)
tim(258.7272) pos(31.7, 1.0, -24.1) ori(0.0, 154.0, 0.0)
tim(259.2326) pos(31.7, 1.0, -24.2) ori(0.0, 154.0, 0.0)
tim(259.7465) pos(31.9, 1.0, -24.7) ori(0.0, 140.4, 0.0)
tim(260.2593) pos(31.8, 1.0, -24.5) ori(0.0, 140.3, 0.0)
tim(260.7904) pos(31.8, 1.0, -24.5) ori(0.0, 140.3, 0.0)
tim(261.3337) pos(32.0, 1.0, -24.7) ori(0.0, 139.4, 0.0)
tim(261.8725) pos(32.3, 1.0, -25.1) ori(0.0, 133.9, 0.0)
tim(262.3813) pos(32.0, 1.0, -24.8) ori(0.0, 120.3, 0.0)
tim(262.8897) pos(31.3, 1.0, -24.3) ori(0.0, 120.3, 0.0)
tim(263.4387) pos(31.1, 1.0, -24.1) ori(0.0, 118.8, 0.0)
tim(263.9852) pos(31.1, 1.0, -24.1) ori(0.0, 135.2, 0.0)
tim(264.4883) pos(31.1, 1.0, -24.1) ori(0.0, 147.0, 0.0)
tim(265.0355) pos(31.1, 1.0, -24.1) ori(0.0, 162.6, 0.0)
tim(265.5828) pos(31.1, 1.0, -24.1) ori(0.0, 164.3, 0.0)
tim(266.0833) pos(31.1, 1.0, -24.1) ori(0.0, 165.3, 0.0)
tim(266.5938) pos(31.4, 1.0, -25.1) ori(0.0, 168.2, 0.0)
tim(267.1449) pos(31.6, 1.0, -26.3) ori(0.0, 168.2, 0.0)
tim(267.6594) pos(31.9, 1.0, -27.4) ori(0.0, 152.8, 0.0)
tim(268.1774) pos(31.9, 1.0, -27.4) ori(0.0, 128.8, 0.0)
tim(268.7031) pos(31.9, 1.0, -27.4) ori(0.0, 104.8, 0.0)
tim(269.2216) pos(32.3, 1.0, -27.5) ori(0.0, 92.6, 0.0)
tim(269.7235) pos(32.6, 1.0, -27.6) ori(0.0, 92.6, 0.0)
tim(270.2433) pos(33.2, 1.0, -27.7) ori(0.0, 97.6, 0.0)
tim(270.7523) pos(33.2, 1.0, -27.7) ori(0.0, 84.0, 0.0)
tim(271.274) pos(33.4, 1.0, -27.7) ori(0.0, 83.6, 0.0)
tim(271.7783) pos(33.4, 1.0, -27.7) ori(0.0, 83.6, 0.0)
tim(272.2852) pos(33.4, 1.0, -27.7) ori(0.0, 104.8, 0.0)
tim(272.7961) pos(33.4, 1.0, -27.7) ori(0.0, 104.8, 0.0)
tim(273.3026) pos(34.0, 1.0, -27.9) ori(0.0, 101.7, 0.0)
tim(273.8058) pos(34.5, 1.0, -28.0) ori(0.0, 82.5, 0.0)
tim(274.315) pos(34.3, 1.0, -28.0) ori(0.0, 80.6, 0.0)
tim(274.8247) pos(33.9, 1.0, -28.1) ori(0.0, 80.6, 0.0)
tim(275.3297) pos(33.4, 1.0, -28.1) ori(0.0, 83.9, 0.0)
tim(275.8373) pos(33.8, 1.0, -28.1) ori(0.0, 90.1, 0.0)
tim(276.3389) pos(34.1, 1.0, -28.1) ori(0.0, 88.7, 0.0)
tim(276.8557) pos(35.0, 1.0, -28.1) ori(0.0, 88.7, 0.0)
tim(277.3797) pos(35.7, 1.0, -27.9) ori(0.0, 67.6, 0.0)
tim(277.893) pos(36.3, 1.0, -27.7) ori(0.0, 75.3, 0.0)
tim(278.408) pos(36.3, 1.0, -27.7) ori(0.0, 62.2, 0.0)
tim(278.9216) pos(36.3, 1.0, -27.7) ori(0.0, 77.1, 0.0)
tim(279.4358) pos(36.3, 1.0, -27.7) ori(0.0, 78.1, 0.0)
tim(279.95) pos(36.3, 1.0, -27.7) ori(0.0, 97.8, 0.0)
tim(280.4643) pos(36.9, 1.0, -27.8) ori(0.0, 91.1, 0.0)
tim(280.9848) pos(37.3, 1.0, -27.7) ori(0.0, 47.4, 0.0)
tim(281.494) pos(37.5, 1.0, -27.7) ori(0.0, 38.1, 0.0)
tim(282.0071) pos(37.5, 1.0, -27.7) ori(0.0, 11.0, 0.0)
tim(282.5216) pos(37.5, 1.0, -27.7) ori(0.0, 339.0, 0.0)
tim(283.0397) pos(37.5, 1.0, -27.7) ori(0.0, 311.0, 0.0)
tim(283.5655) pos(37.5, 1.0, -27.7) ori(0.0, 298.6, 0.0)
tim(284.0883) pos(37.5, 1.0, -27.7) ori(0.0, 274.2, 0.0)
tim(284.6257) pos(37.0, 1.2, -27.7) ori(0.0, 271.4, 0.0)
tim(285.1509) pos(36.0, 1.0, -27.7) ori(0.0, 271.4, 0.0)
tim(285.6545) pos(34.5, 1.0, -27.6) ori(0.0, 271.4, 0.0)
tim(286.1817) pos(34.2, 1.0, -27.6) ori(0.0, 270.8, 0.0)
tim(286.707) pos(34.2, 1.0, -27.6) ori(0.0, 267.6, 0.0)
tim(287.2341) pos(33.7, 1.0, -27.6) ori(0.0, 267.6, 0.0)
tim(287.7492) pos(33.6, 1.0, -27.6) ori(0.0, 267.6, 0.0)
tim(288.2759) pos(33.6, 1.0, -27.6) ori(0.0, 262.6, 0.0)
tim(288.7921) pos(33.6, 1.0, -27.6) ori(0.0, 274.1, 0.0)
tim(289.2974) pos(33.6, 1.0, -27.6) ori(0.0, 306.6, 0.0)
tim(289.8041) pos(33.6, 1.0, -27.6) ori(0.0, 336.8, 0.0)
tim(290.3135) pos(33.6, 1.0, -27.6) ori(0.0, 333.6, 0.0)
tim(290.8413) pos(33.6, 1.0, -27.6) ori(0.0, 344.4, 0.0)
tim(291.3786) pos(33.6, 1.0, -27.6) ori(0.0, 343.0, 0.0)
tim(291.8901) pos(33.5, 1.0, -27.4) ori(0.0, 334.8, 0.0)
tim(292.391) pos(33.3, 1.0, -26.7) ori(0.0, 329.5, 0.0)
tim(292.9353) pos(33.1, 1.0, -26.3) ori(0.0, 324.3, 0.0)
tim(293.4509) pos(33.1, 1.0, -26.3) ori(0.0, 324.3, 0.0)
tim(293.9683) pos(33.1, 1.0, -26.3) ori(0.0, 301.5, 0.0)
tim(294.4866) pos(33.1, 1.0, -26.3) ori(0.0, 269.5, 0.0)
tim(295.0125) pos(32.5, 1.3, -26.5) ori(0.0, 229.5, 0.0)
tim(295.5313) pos(32.0, 1.0, -26.9) ori(0.0, 234.6, 0.0)
tim(296.0523) pos(32.0, 1.0, -26.9) ori(0.0, 266.6, 0.0)
tim(296.563) pos(32.0, 1.0, -26.9) ori(0.0, 310.6, 0.0)
tim(297.0762) pos(32.0, 1.0, -26.9) ori(0.0, 347.3, 0.0)
tim(297.6014) pos(31.9, 1.0, -26.4) ori(0.0, 349.1, 0.0)
tim(298.1324) pos(31.7, 1.0, -25.4) ori(0.0, 3.5, 0.0)
tim(298.6494) pos(31.7, 1.0, -25.0) ori(0.0, 15.7, 0.0)
tim(299.1743) pos(31.7, 1.0, -25.0) ori(0.0, 15.7, 0.0)
tim(299.6981) pos(31.7, 1.0, -25.0) ori(0.0, 1.2, 0.0)
tim(300.216) pos(31.8, 1.0, -24.5) ori(0.0, 0.9, 0.0)
tim(300.7447) pos(31.9, 1.0, -24.2) ori(0.0, 7.3, 0.0)
tim(301.2726) pos(31.9, 1.0, -24.1) ori(0.0, 12.4, 0.0)
tim(301.7998) pos(32.0, 1.0, -23.4) ori(0.0, 349.5, 0.0)
tim(302.3139) pos(32.0, 1.0, -23.3) ori(0.0, 349.5, 0.0)
tim(302.8208) pos(32.0, 1.0, -23.3) ori(0.0, 14.2, 0.0)
tim(303.3382) pos(32.0, 1.0, -23.3) ori(0.0, 31.9, 0.0)
tim(303.8591) pos(32.0, 1.0, -23.3) ori(0.0, 39.9, 0.0)
tim(304.39) pos(32.0, 1.0, -23.3) ori(0.0, 48.5, 0.0)
tim(304.8911) pos(32.0, 1.0, -23.3) ori(0.0, 42.8, 0.0)
tim(305.4022) pos(32.0, 1.0, -23.3) ori(0.0, 29.7, 0.0)
tim(305.9144) pos(32.0, 1.0, -23.3) ori(0.0, 49.0, 0.0)
tim(306.4279) pos(32.0, 1.0, -23.3) ori(0.0, 63.1, 0.0)
tim(306.9334) pos(32.0, 1.0, -23.3) ori(0.0, 35.0, 0.0)
tim(307.4587) pos(32.0, 1.0, -23.3) ori(0.0, 359.0, 0.0)
tim(307.9658) pos(32.0, 1.0, -23.3) ori(0.0, 327.0, 0.0)
tim(308.4691) pos(32.0, 1.0, -23.3) ori(0.0, 279.0, 0.0)
tim(308.9702) pos(32.0, 1.0, -23.3) ori(0.0, 223.0, 0.0)
tim(309.536) pos(32.0, 1.0, -23.3) ori(0.0, 195.1, 0.0)
tim(310.0378) pos(32.0, 1.0, -23.3) ori(0.0, 184.2, 0.0)
tim(310.5585) pos(32.0, 1.0, -23.3) ori(0.0, 167.6, 0.0)
tim(311.1203) pos(32.0, 1.0, -23.3) ori(0.0, 170.2, 0.0)
tim(311.6351) pos(32.0, 1.0, -23.3) ori(0.0, 184.8, 0.0)
tim(312.1514) pos(32.0, 1.0, -23.3) ori(0.0, 184.8, 0.0)
tim(312.6576) pos(32.0, 1.0, -23.3) ori(0.0, 190.1, 0.0)
tim(313.1601) pos(32.0, 1.0, -23.3) ori(0.0, 197.0, 0.0)
tim(313.6991) pos(32.0, 1.0, -23.5) ori(0.0, 202.7, 0.0)
tim(314.2231) pos(31.7, 1.0, -24.1) ori(0.0, 202.7, 0.0)
tim(314.7644) pos(31.7, 1.0, -24.1) ori(0.0, 189.3, 0.0)
tim(315.2783) pos(31.9, 1.0, -23.5) ori(0.0, 189.3, 0.0)
tim(315.8001) pos(31.9, 1.0, -23.1) ori(0.0, 186.6, 0.0)
tim(316.3123) pos(31.9, 1.0, -23.5) ori(0.0, 197.9, 0.0)
tim(316.8861) pos(31.5, 1.0, -24.6) ori(0.0, 197.1, 0.0)
tim(317.3916) pos(31.4, 1.0, -24.8) ori(0.0, 191.2, 0.0)
tim(317.9496) pos(31.4, 1.0, -24.8) ori(0.0, 177.4, 0.0)
tim(318.4662) pos(31.4, 1.0, -24.8) ori(0.0, 161.4, 0.0)
tim(318.9786) pos(31.4, 1.0, -24.8) ori(0.0, 145.4, 0.0)
tim(319.4917) pos(31.4, 1.0, -24.8) ori(0.0, 129.4, 0.0)
tim(320.0081) pos(31.4, 1.0, -24.8) ori(0.0, 115.7, 0.0)
tim(320.5426) pos(31.4, 1.0, -24.8) ori(0.0, 105.6, 0.0)
tim(321.0701) pos(31.4, 1.0, -24.8) ori(0.0, 79.5, 0.0)
tim(321.586) pos(31.4, 1.0, -24.8) ori(0.0, 94.2, 0.0)
tim(322.0944) pos(31.4, 1.0, -24.8) ori(0.0, 109.7, 0.0)
tim(322.6273) pos(31.4, 1.0, -24.8) ori(0.0, 117.2, 0.0)
tim(323.1434) pos(31.4, 1.0, -24.8) ori(0.0, 121.2, 0.0)
tim(323.6755) pos(31.4, 1.0, -24.8) ori(0.0, 139.9, 0.0)
tim(324.184) pos(31.4, 1.0, -24.8) ori(0.0, 151.9, 0.0)
tim(324.6969) pos(31.4, 1.0, -24.8) ori(0.0, 162.9, 0.0)
tim(325.204) pos(31.5, 1.0, -25.0) ori(0.0, 165.6, 0.0)
tim(325.7646) pos(31.5, 1.0, -25.2) ori(0.0, 171.3, 0.0)
tim(326.3145) pos(31.5, 1.0, -25.2) ori(0.0, 166.5, 0.0)
tim(326.856) pos(31.5, 1.0, -25.2) ori(0.0, 150.5, 0.0)
tim(327.3609) pos(31.5, 1.0, -25.2) ori(0.0, 134.5, 0.0)
tim(327.8667) pos(31.5, 1.0, -25.2) ori(0.0, 118.5, 0.0)
tim(328.3934) pos(31.5, 1.0, -25.2) ori(0.0, 90.5, 0.0)
tim(328.8957) pos(31.5, 1.0, -25.2) ori(0.0, 58.5, 0.0)
tim(329.4305) pos(31.5, 1.0, -25.2) ori(0.0, 29.9, 0.0)
tim(329.9542) pos(31.5, 1.0, -25.2) ori(0.0, 13.7, 0.0)
tim(330.4849) pos(31.5, 1.0, -25.2) ori(0.0, 43.8, 0.0)
tim(330.9972) pos(31.5, 1.0, -25.2) ori(0.0, 75.8, 0.0)
tim(331.5269) pos(31.5, 1.0, -25.2) ori(0.0, 107.8, 0.0)
tim(332.0615) pos(31.5, 1.0, -25.2) ori(0.0, 127.8, 0.0)
tim(332.574) pos(32.0, 1.0, -25.7) ori(0.0, 147.8, 0.0)
tim(333.086) pos(32.2, 1.1, -26.5) ori(0.0, 167.8, 0.0)
tim(333.6101) pos(32.4, 1.0, -28.4) ori(0.0, 177.6, 0.0)
tim(334.1634) pos(32.5, 1.0, -29.5) ori(0.0, 183.4, 0.0)
tim(334.6694) pos(32.5, 1.0, -30.2) ori(0.0, 183.4, 0.0)
tim(335.2214) pos(32.4, 1.0, -30.9) ori(0.0, 183.4, 0.0)
tim(335.7301) pos(32.4, 1.0, -31.3) ori(0.0, 174.8, 0.0)
tim(336.2458) pos(32.4, 1.0, -31.4) ori(0.0, 177.9, 0.0)
tim(336.7477) pos(32.4, 1.0, -31.4) ori(0.0, 193.5, 0.0)
tim(337.2863) pos(32.4, 1.0, -31.4) ori(0.0, 181.9, 0.0)
tim(337.8288) pos(32.4, 1.0, -31.4) ori(0.0, 163.3, 0.0)
tim(338.3573) pos(32.4, 1.0, -31.4) ori(0.0, 155.5, 0.0)
tim(338.8765) pos(32.4, 1.0, -31.4) ori(0.0, 153.9, 0.0)
tim(339.4229) pos(32.4, 1.0, -31.4) ori(0.0, 142.7, 0.0)
tim(339.9563) pos(32.4, 1.0, -31.4) ori(0.0, 126.9, 0.0)
tim(340.4683) pos(32.4, 1.0, -31.4) ori(0.0, 121.7, 0.0)
tim(341.0094) pos(32.4, 1.0, -31.4) ori(0.0, 117.3, 0.0)
tim(341.5465) pos(32.4, 1.0, -31.4) ori(0.0, 102.6, 0.0)
tim(342.0702) pos(32.8, 1.0, -31.6) ori(0.0, 99.7, 0.0)
tim(342.5713) pos(33.2, 1.0, -31.8) ori(0.0, 92.1, 0.0)
tim(343.0736) pos(33.9, 1.0, -32.0) ori(0.0, 88.6, 0.0)
tim(343.5892) pos(34.3, 1.0, -32.1) ori(0.0, 76.3, 0.0)
tim(344.1028) pos(34.6, 1.0, -32.2) ori(0.0, 73.1, 0.0)
tim(344.6234) pos(35.0, 1.0, -32.0) ori(0.0, 49.8, 0.0)
tim(345.1386) pos(35.3, 1.0, -31.9) ori(0.0, 59.6, 0.0)
tim(345.6632) pos(35.1, 1.0, -31.9) ori(0.0, 105.0, 0.0)
tim(346.1865) pos(34.2, 1.0, -31.6) ori(0.0, 105.5, 0.0)
tim(346.7199) pos(33.4, 1.0, -31.4) ori(0.0, 105.5, 0.0)
tim(347.2415) pos(32.6, 1.0, -31.2) ori(0.0, 105.5, 0.0)
tim(347.7852) pos(32.4, 1.0, -31.1) ori(0.0, 105.5, 0.0)
tim(348.3066) pos(32.3, 1.0, -31.1) ori(0.0, 102.3, 0.0)
tim(348.849) pos(32.3, 1.0, -31.1) ori(0.0, 104.3, 0.0)
tim(349.3647) pos(32.3, 1.0, -31.1) ori(0.0, 121.1, 0.0)
tim(349.8825) pos(32.3, 1.0, -31.1) ori(0.0, 121.1, 0.0)
tim(350.4279) pos(32.3, 1.0, -31.1) ori(0.0, 134.3, 0.0)
tim(350.9304) pos(32.3, 1.0, -31.1) ori(0.0, 134.4, 0.0)
tim(351.449) pos(32.3, 1.0, -31.1) ori(0.0, 125.7, 0.0)
tim(351.9506) pos(32.3, 1.0, -31.1) ori(0.0, 132.7, 0.0)
tim(352.4911) pos(32.3, 1.0, -31.1) ori(0.0, 143.8, 0.0)
tim(353.06) pos(32.3, 1.0, -31.1) ori(0.0, 159.0, 0.0)
tim(353.6162) pos(32.3, 1.0, -31.1) ori(0.0, 178.2, 0.0)
tim(354.1425) pos(32.3, 1.0, -31.1) ori(0.0, 191.2, 0.0)
tim(354.686) pos(32.3, 1.0, -31.1) ori(0.0, 194.6, 0.0)
tim(355.2234) pos(32.3, 1.0, -31.1) ori(0.0, 207.0, 0.0)
tim(355.7471) pos(32.3, 1.0, -31.1) ori(0.0, 218.6, 0.0)
tim(356.2891) pos(32.3, 1.0, -31.1) ori(0.0, 220.6, 0.0)
tim(356.8274) pos(32.3, 1.0, -31.1) ori(0.0, 220.6, 0.0)
tim(357.3588) pos(32.5, 1.0, -31.0) ori(0.0, 220.6, 0.0)
tim(357.9022) pos(33.0, 1.0, -30.5) ori(0.0, 220.6, 0.0)
tim(358.4506) pos(33.1, 1.0, -30.5) ori(0.0, 213.3, 0.0)
tim(358.9641) pos(33.1, 1.0, -30.5) ori(0.0, 212.7, 0.0)
tim(359.4849) pos(33.1, 1.0, -30.5) ori(0.0, 207.4, 0.0)
tim(360.0174) pos(32.9, 1.0, -30.8) ori(0.0, 207.4, 0.0)
end
