tim(0.01292062) pos(-28.3, 1.0, 13.5) ori(0.0, 270.0, 0.0)
tim(0.5266838) pos(-28.3, 1.0, 13.5) ori(0.0, 270.0, 0.0)
tim(1.040968) pos(-28.3, 1.0, 13.5) ori(0.0, 270.0, 0.0)
tim(1.555424) pos(-28.3, 1.0, 13.5) ori(0.0, 272.4, 0.0)
tim(2.059176) pos(-28.3, 1.0, 13.5) ori(0.0, 320.7, 0.0)
tim(2.569351) pos(-28.3, 1.0, 13.5) ori(0.0, 12.7, 0.0)
tim(3.081676) pos(-28.3, 1.0, 13.5) ori(0.0, 60.7, 0.0)
tim(3.582806) pos(-28.3, 1.0, 13.5) ori(0.0, 77.1, 0.0)
tim(4.085085) pos(-28.3, 1.0, 13.5) ori(0.0, 77.1, 0.0)
tim(4.598771) pos(-28.3, 1.0, 13.5) ori(0.0, 77.1, 0.0)
tim(5.099084) pos(-28.3, 1.0, 13.5) ori(0.0, 77.1, 0.0)
tim(5.600863) pos(-28.3, 1.0, 13.5) ori(0.0, 77.6, 0.0)
tim(6.107835) pos(-28.3, 1.0, 13.5) ori(0.0, 77.6, 0.0)
tim(6.618362) pos(-28.3, 1.0, 13.5) ori(0.0, 77.6, 0.0)
tim(7.132485) pos(-28.3, 1.0, 13.5) ori(0.0, 66.3, 0.0)
tim(7.646505) pos(-28.3, 1.0, 13.5) ori(0.0, 14.9, 0.0)
tim(8.160819) pos(-28.3, 1.0, 13.5) ori(0.0, 348.6, 0.0)
tim(8.67587) pos(-28.3, 1.0, 13.5) ori(0.0, 37.3, 0.0)
tim(9.178417) pos(-28.3, 1.0, 13.5) ori(0.0, 84.7, 0.0)
tim(9.692466) pos(-28.3, 1.0, 13.5) ori(0.0, 88.9, 0.0)
tim(10.20996) pos(-28.3, 1.0, 13.5) ori(0.0, 94.5, 0.0)
tim(10.72019) pos(-28.3, 1.0, 13.5) ori(0.0, 106.1, 0.0)
tim(11.24063) pos(-28.3, 1.0, 13.5) ori(0.0, 106.1, 0.0)
tim(11.74311) pos(-28.3, 1.0, 13.5) ori(0.0, 119.5, 0.0)
tim(12.24496) pos(-28.3, 1.0, 13.5) ori(0.0, 147.4, 0.0)
tim(12.75726) pos(-28.3, 1.0, 13.5) ori(0.0, 147.5, 0.0)
tim(13.27186) pos(-28.3, 1.0, 13.5) ori(0.0, 147.5, 0.0)
tim(13.77858) pos(-28.3, 1.0, 13.5) ori(0.0, 117.4, 0.0)
tim(14.28653) pos(-28.3, 1.0, 13.5) ori(0.0, 69.4, 0.0)
tim(14.79866) pos(-28.3, 1.0, 13.5) ori(0.0, 17.4, 0.0)
tim(15.29986) pos(-28.3, 1.0, 13.5) ori(0.0, 330.3, 0.0)
tim(15.81052) pos(-28.3, 1.0, 13.5) ori(0.0, 13.7, 0.0)
tim(16.3242) pos(-28.3, 1.0, 13.5) ori(0.0, 69.7, 0.0)
tim(16.83508) pos(-28.3, 1.0, 13.5) ori(0.0, 89.2, 0.0)
tim(17.33917) pos(-28.3, 1.0, 13.5) ori(0.0, 89.2, 0.0)
tim(17.8499) pos(-28.3, 1.0, 13.5) ori(0.0, 89.2, 0.0)
tim(18.35484) pos(-28.3, 1.0, 13.5) ori(0.0, 89.2, 0.0)
tim(18.86709) pos(-28.3, 1.0, 13.5) ori(0.0, 89.2, 0.0)
tim(19.36759) pos(-28.3, 1.0, 13.5) ori(0.0, 89.2, 0.0)
tim(19.86875) pos(-28.3, 1.0, 13.5) ori(0.0, 75.0, 0.0)
tim(20.38857) pos(-28.3, 1.0, 13.5) ori(0.0, 61.4, 0.0)
tim(20.89068) pos(-28.3, 1.0, 13.5) ori(0.0, 61.4, 0.0)
tim(21.40544) pos(-28.3, 1.0, 13.5) ori(0.0, 61.4, 0.0)
tim(21.91692) pos(-28.3, 1.0, 13.5) ori(0.0, 61.4, 0.0)
tim(22.43084) pos(-28.3, 1.0, 13.5) ori(0.0, 61.4, 0.0)
tim(22.93382) pos(-28.3, 1.0, 13.5) ori(0.0, 61.4, 0.0)
tim(23.45309) pos(-28.3, 1.0, 13.5) ori(0.0, 101.5, 0.0)
tim(23.973) pos(-28.3, 1.0, 13.5) ori(0.0, 110.0, 0.0)
tim(24.47987) pos(-28.3, 1.0, 13.5) ori(0.0, 110.0, 0.0)
tim(24.98864) pos(-28.3, 1.0, 13.5) ori(0.0, 110.0, 0.0)
tim(25.49852) pos(-28.3, 1.0, 13.5) ori(0.0, 110.0, 0.0)
tim(26.00322) pos(-28.3, 1.0, 13.5) ori(0.0, 96.4, 0.0)
tim(26.51652) pos(-28.3, 1.0, 13.5) ori(0.0, 76.6, 0.0)
tim(27.01711) pos(-28.3, 1.0, 13.5) ori(0.0, 76.6, 0.0)
tim(27.52982) pos(-28.3, 1.0, 13.5) ori(0.0, 76.6, 0.0)
tim(28.03585) pos(-28.3, 1.0, 13.5) ori(0.0, 76.6, 0.0)
tim(28.55103) pos(-28.3, 1.0, 13.5) ori(0.0, 88.0, 0.0)
tim(29.06927) pos(-28.3, 1.0, 13.5) ori(0.0, 99.6, 0.0)
tim(29.57939) pos(-28.3, 1.0, 13.5) ori(0.0, 99.6, 0.0)
tim(30.08464) pos(-28.3, 1.0, 13.5) ori(0.0, 99.6, 0.0)
tim(30.59788) pos(-28.3, 1.0, 13.5) ori(0.0, 125.8, 0.0)
tim(31.10944) pos(-28.3, 1.0, 13.5) ori(0.0, 169.1, 0.0)
tim(31.62386) pos(-28.3, 1.0, 13.5) ori(0.0, 169.9, 0.0)
tim(32.13841) pos(-28.3, 1.0, 13.5) ori(0.0, 168.7, 0.0)
tim(32.65301) pos(-28.3, 1.0, 13.5) ori(0.0, 155.7, 0.0)
tim(33.16755) pos(-28.3, 1.0, 13.5) ori(0.0, 155.7, 0.0)
tim(33.68162) pos(-28.3, 1.0, 13.5) ori(0.0, 160.7, 0.0)
tim(34.19608) pos(-28.3, 1.0, 13.5) ori(0.0, 162.3, 0.0)
tim(34.71056) pos(-28.3, 1.0, 13.5) ori(0.0, 162.3, 0.0)
tim(35.22498) pos(-28.3, 1.0, 13.5) ori(0.0, 161.5, 0.0)
tim(35.7447) pos(-28.3, 1.0, 13.5) ori(0.0, 118.4, 0.0)
tim(36.26313) pos(-28.3, 1.0, 13.5) ori(0.0, 92.1, 0.0)
tim(36.77924) pos(-28.3, 1.0, 13.5) ori(0.0, 92.1, 0.0)
tim(37.29588) pos(-28.3, 1.0, 13.5) ori(0.0, 92.1, 0.0)
tim(37.796) pos(-28.3, 1.0, 13.5) ori(0.0, 91.9, 0.0)
tim(38.30819) pos(-28.3, 1.0, 13.5) ori(0.0, 76.7, 0.0)
tim(38.81223) pos(-28.3, 1.0, 13.5) ori(0.0, 77.2, 0.0)
tim(39.32051) pos(-28.3, 1.0, 13.5) ori(0.0, 81.3, 0.0)
tim(39.82842) pos(-28.3, 1.0, 13.5) ori(0.0, 81.3, 0.0)
tim(40.34607) pos(-28.3, 1.0, 13.5) ori(0.0, 81.3, 0.0)
tim(40.86018) pos(-28.3, 1.0, 13.5) ori(0.0, 81.3, 0.0)
tim(41.37209) pos(-28.3, 1.0, 13.5) ori(0.0, 81.3, 0.0)
tim(41.87646) pos(-28.3, 1.0, 13.5) ori(0.0, 81.3, 0.0)
tim(42.37748) pos(-28.3, 1.0, 13.5) ori(0.0, 81.3, 0.0)
tim(42.88474) pos(-28.3, 1.0, 13.5) ori(0.0, 81.3, 0.0)
tim(43.40026) pos(-28.3, 1.0, 13.5) ori(0.0, 81.3, 0.0)
tim(43.90442) pos(-28.3, 1.0, 13.5) ori(0.0, 81.3, 0.0)
tim(44.40902) pos(-28.3, 1.0, 13.5) ori(0.0, 81.3, 0.0)
tim(44.92652) pos(-28.3, 1.0, 13.5) ori(0.0, 81.3, 0.0)
tim(45.43875) pos(-28.3, 1.0, 13.5) ori(0.0, 81.3, 0.0)
tim(45.95284) pos(-28.3, 1.0, 13.5) ori(0.0, 84.1, 0.0)
tim(46.45984) pos(-28.3, 1.0, 13.5) ori(0.0, 86.8, 0.0)
tim(46.97573) pos(-28.3, 1.0, 13.5) ori(0.0, 86.8, 0.0)
tim(47.49256) pos(-28.3, 1.0, 13.5) ori(0.0, 86.8, 0.0)
tim(47.99809) pos(-28.3, 1.0, 13.5) ori(0.0, 86.8, 0.0)
tim(48.5143) pos(-28.3, 1.0, 13.5) ori(0.0, 86.8, 0.0)
tim(49.01571) pos(-28.3, 1.0, 13.5) ori(0.0, 86.8, 0.0)
tim(49.52344) pos(-28.3, 1.0, 13.5) ori(0.0, 86.8, 0.0)
tim(50.03915) pos(-28.3, 1.0, 13.5) ori(0.0, 86.8, 0.0)
tim(50.54662) pos(-28.3, 1.0, 13.5) ori(0.0, 86.8, 0.0)
tim(51.05278) pos(-28.3, 1.0, 13.5) ori(0.0, 86.8, 0.0)
tim(51.56689) pos(-28.3, 1.0, 13.5) ori(0.0, 101.1, 0.0)
tim(52.08369) pos(-28.3, 1.0, 13.5) ori(0.0, 104.7, 0.0)
tim(52.60224) pos(-28.3, 1.0, 13.5) ori(0.0, 105.2, 0.0)
tim(53.12124) pos(-28.3, 1.0, 13.5) ori(0.0, 138.2, 0.0)
tim(53.63663) pos(-28.3, 1.0, 13.5) ori(0.0, 149.3, 0.0)
tim(54.14163) pos(-28.3, 1.0, 13.5) ori(0.0, 162.9, 0.0)
tim(54.6559) pos(-28.3, 1.0, 13.4) ori(0.0, 162.9, 0.0)
tim(55.17049) pos(-28.0, 1.0, 12.7) ori(0.0, 162.9, 0.0)
tim(55.68516) pos(-27.7, 1.0, 11.7) ori(0.0, 162.9, 0.0)
tim(56.20004) pos(-27.2, 1.0, 9.9) ori(0.0, 162.9, 0.0)
tim(56.70592) pos(-26.9, 1.0, 9.1) ori(0.0, 162.9, 0.0)
tim(57.22266) pos(-26.9, 1.0, 9.0) ori(0.0, 146.8, 0.0)
tim(57.72794) pos(-26.9, 1.0, 9.0) ori(0.0, 114.4, 0.0)
tim(58.24315) pos(-26.9, 1.0, 9.0) ori(0.0, 114.4, 0.0)
tim(58.74938) pos(-26.7, 1.0, 8.9) ori(0.0, 114.4, 0.0)
tim(59.26608) pos(-26.4, 1.0, 8.8) ori(0.0, 115.6, 0.0)
tim(59.78281) pos(-26.4, 1.0, 8.8) ori(0.0, 153.0, 0.0)
tim(60.29711) pos(-26.4, 1.0, 8.8) ori(0.0, 202.8, 0.0)
tim(60.81172) pos(-26.4, 1.0, 8.8) ori(0.0, 196.8, 0.0)
tim(61.33508) pos(-26.4, 1.0, 8.8) ori(0.0, 146.5, 0.0)
tim(61.85873) pos(-26.4, 1.0, 8.8) ori(0.0, 139.9, 0.0)
tim(62.37873) pos(-26.4, 1.0, 8.8) ori(0.0, 139.9, 0.0)
tim(62.88651) pos(-26.4, 1.0, 8.8) ori(0.0, 139.9, 0.0)
tim(63.40073) pos(-26.4, 1.0, 8.8) ori(0.0, 139.9, 0.0)
tim(63.92506) pos(-26.4, 1.0, 8.8) ori(0.0, 139.9, 0.0)
tim(64.44755) pos(-26.4, 1.0, 8.8) ori(0.0, 139.9, 0.0)
tim(64.96869) pos(-26.4, 1.0, 8.8) ori(0.0, 139.9, 0.0)
tim(65.47919) pos(-26.4, 1.0, 8.8) ori(0.0, 139.9, 0.0)
tim(65.98783) pos(-26.4, 1.0, 8.8) ori(0.0, 139.9, 0.0)
tim(66.4906) pos(-26.4, 1.0, 8.8) ori(0.0, 139.9, 0.0)
tim(67.01356) pos(-26.3, 1.0, 8.7) ori(0.0, 139.9, 0.0)
tim(67.52168) pos(-25.8, 1.0, 8.1) ori(0.0, 139.9, 0.0)
tim(68.02402) pos(-25.1, 1.0, 7.3) ori(0.0, 139.9, 0.0)
tim(68.53458) pos(-24.0, 1.0, 5.9) ori(0.0, 139.9, 0.0)
tim(69.04177) pos(-23.5, 1.0, 5.3) ori(0.0, 139.9, 0.0)
tim(69.55656) pos(-23.4, 1.0, 5.3) ori(0.0, 139.9, 0.0)
tim(70.08612) pos(-23.4, 1.0, 5.3) ori(0.0, 139.9, 0.0)
tim(70.61047) pos(-23.4, 1.0, 5.3) ori(0.0, 144.4, 0.0)
tim(71.11129) pos(-23.4, 1.0, 5.3) ori(0.0, 167.5, 0.0)
tim(71.61735) pos(-23.4, 1.0, 5.3) ori(0.0, 203.5, 0.0)
tim(72.12825) pos(-23.4, 1.0, 5.3) ori(0.0, 251.5, 0.0)
tim(72.64326) pos(-23.4, 1.0, 5.3) ori(0.0, 311.1, 0.0)
tim(73.14533) pos(-23.4, 1.0, 5.3) ori(0.0, 325.0, 0.0)
tim(73.65825) pos(-23.4, 1.0, 5.3) ori(0.0, 336.8, 0.0)
tim(74.15906) pos(-23.4, 1.0, 5.3) ori(0.0, 355.0, 0.0)
tim(74.66013) pos(-23.4, 1.0, 5.3) ori(0.0, 307.5, 0.0)
tim(75.1652) pos(-23.5, 1.0, 5.3) ori(0.0, 293.5, 0.0)
tim(75.67948) pos(-24.2, 1.0, 5.6) ori(0.0, 293.5, 0.0)
tim(76.1862) pos(-24.9, 1.0, 5.9) ori(0.0, 331.4, 0.0)
tim(76.69921) pos(-25.2, 1.0, 6.6) ori(0.0, 336.7, 0.0)
tim(77.21603) pos(-25.8, 1.0, 7.4) ori(0.0, 315.5, 0.0)
tim(77.7192) pos(-26.5, 1.0, 8.1) ori(0.0, 323.5, 0.0)
tim(78.23644) pos(-26.5, 1.0, 8.1) ori(0.0, 4.5, 0.0)
tim(78.74233) pos(-26.5, 1.0, 8.1) ori(0.0, 27.1, 0.0)
tim(79.25273) pos(-26.5, 1.0, 8.1) ori(0.0, 27.1, 0.0)
tim(79.75353) pos(-26.5, 1.0, 8.1) ori(0.0, 23.7, 0.0)
tim(80.25659) pos(-26.5, 1.0, 8.1) ori(0.0, 346.7, 0.0)
tim(80.76703) pos(-26.5, 1.0, 8.1) ori(0.0, 326.6, 0.0)
tim(81.28535) pos(-26.5, 1.0, 8.1) ori(0.0, 325.0, 0.0)
tim(81.78562) pos(-26.6, 1.0, 8.4) ori(0.0, 352.3, 0.0)
tim(82.29417) pos(-26.7, 1.0, 8.9) ori(0.0, 325.9, 0.0)
tim(82.80273) pos(-27.2, 1.0, 9.6) ori(0.0, 314.5, 0.0)
tim(83.32056) pos(-27.7, 1.0, 10.4) ori(0.0, 316.8, 0.0)
tim(83.8271) pos(-28.1, 1.0, 10.8) ori(0.0, 5.8, 0.0)
tim(84.34563) pos(-28.1, 1.0, 10.8) ori(0.0, 15.3, 0.0)
tim(84.85939) pos(-28.1, 1.0, 10.8) ori(0.0, 15.3, 0.0)
tim(85.37185) pos(-28.1, 1.0, 10.8) ori(0.0, 15.3, 0.0)
tim(85.87981) pos(-28.0, 1.0, 11.3) ori(0.0, 15.3, 0.0)
tim(86.38531) pos(-27.8, 1.0, 12.1) ori(0.0, 15.3, 0.0)
tim(86.88742) pos(-27.7, 1.0, 12.2) ori(0.0, 15.3, 0.0)
tim(87.39814) pos(-27.7, 1.0, 12.2) ori(0.0, 15.3, 0.0)
tim(87.91173) pos(-27.6, 1.0, 12.6) ori(0.0, 15.3, 0.0)
tim(88.42492) pos(-27.6, 1.0, 12.8) ori(0.0, 12.1, 0.0)
tim(88.93911) pos(-27.6, 1.0, 12.9) ori(0.0, 1.1, 0.0)
tim(89.45296) pos(-27.5, 1.0, 13.7) ori(0.0, 1.1, 0.0)
tim(89.96764) pos(-27.5, 1.0, 14.8) ori(0.0, 1.1, 0.0)
tim(90.48232) pos(-27.5, 1.0, 15.5) ori(0.0, 1.1, 0.0)
tim(91.00534) pos(-27.5, 1.0, 15.6) ori(0.0, 346.7, 0.0)
tim(91.51007) pos(-27.5, 1.0, 15.6) ori(0.0, 308.7, 0.0)
tim(92.0247) pos(-27.5, 1.0, 15.6) ori(0.0, 308.7, 0.0)
tim(92.5387) pos(-28.1, 1.0, 16.0) ori(0.0, 308.7, 0.0)
tim(93.05312) pos(-28.8, 1.0, 16.6) ori(0.0, 308.7, 0.0)
tim(93.56766) pos(-29.5, 1.0, 17.1) ori(0.0, 282.8, 0.0)
tim(94.08225) pos(-29.6, 1.0, 17.2) ori(0.0, 264.8, 0.0)
tim(94.5965) pos(-30.3, 1.0, 17.7) ori(0.0, 264.8, 0.0)
tim(95.11062) pos(-30.5, 1.0, 17.8) ori(0.0, 242.8, 0.0)
tim(95.62582) pos(-30.6, 1.0, 17.8) ori(0.0, 204.7, 0.0)
tim(96.14024) pos(-30.6, 1.0, 17.8) ori(0.0, 208.1, 0.0)
tim(96.65508) pos(-30.6, 1.0, 17.8) ori(0.0, 260.8, 0.0)
tim(97.15614) pos(-30.6, 1.0, 17.8) ori(0.0, 280.8, 0.0)
tim(97.65757) pos(-30.6, 1.0, 17.8) ori(0.0, 280.8, 0.0)
tim(98.16379) pos(-30.6, 1.0, 17.8) ori(0.0, 280.8, 0.0)
tim(98.67822) pos(-30.6, 1.0, 17.8) ori(0.0, 280.8, 0.0)
tim(99.19324) pos(-30.6, 1.0, 17.8) ori(0.0, 283.2, 0.0)
tim(99.70702) pos(-30.6, 1.0, 17.8) ori(0.0, 288.9, 0.0)
tim(100.2222) pos(-30.8, 1.0, 17.9) ori(0.0, 288.9, 0.0)
tim(100.7358) pos(-31.3, 1.0, 18.0) ori(0.0, 281.1, 0.0)
tim(101.2506) pos(-31.4, 1.0, 18.1) ori(0.0, 266.0, 0.0)
tim(101.7668) pos(-32.2, 1.0, 18.1) ori(0.0, 266.0, 0.0)
tim(102.2794) pos(-33.1, 1.0, 18.0) ori(0.0, 266.0, 0.0)
tim(102.7939) pos(-33.1, 1.0, 18.0) ori(0.0, 256.3, 0.0)
tim(103.3079) pos(-33.2, 1.0, 18.0) ori(0.0, 216.4, 0.0)
tim(103.8227) pos(-33.2, 1.0, 18.0) ori(0.0, 216.4, 0.0)
tim(104.3365) pos(-33.2, 1.0, 18.0) ori(0.0, 216.4, 0.0)
tim(104.851) pos(-33.2, 1.0, 18.0) ori(0.0, 216.4, 0.0)
tim(105.3658) pos(-33.2, 1.0, 18.0) ori(0.0, 216.4, 0.0)
tim(105.8796) pos(-33.2, 1.0, 18.0) ori(0.0, 216.4, 0.0)
tim(106.3944) pos(-33.2, 1.0, 18.0) ori(0.0, 216.4, 0.0)
tim(106.909) pos(-33.2, 1.0, 18.0) ori(0.0, 216.4, 0.0)
tim(107.4227) pos(-33.2, 1.0, 18.0) ori(0.0, 250.5, 0.0)
tim(107.9383) pos(-33.2, 1.0, 18.0) ori(0.0, 260.4, 0.0)
tim(108.4531) pos(-33.2, 1.0, 18.0) ori(0.0, 260.4, 0.0)
tim(108.9667) pos(-33.2, 1.0, 18.0) ori(0.0, 260.4, 0.0)
tim(109.4808) pos(-33.2, 1.0, 18.0) ori(0.0, 260.4, 0.0)
tim(109.9948) pos(-33.2, 1.0, 18.0) ori(0.0, 292.3, 0.0)
tim(110.4963) pos(-33.2, 1.0, 18.0) ori(0.0, 352.3, 0.0)
tim(111.0159) pos(-33.2, 1.0, 18.0) ori(0.0, 60.3, 0.0)
tim(111.5225) pos(-33.2, 1.0, 18.0) ori(0.0, 103.7, 0.0)
tim(112.0319) pos(-33.0, 1.0, 18.0) ori(0.0, 103.7, 0.0)
tim(112.5508) pos(-32.1, 1.0, 17.8) ori(0.0, 103.7, 0.0)
tim(113.0535) pos(-31.1, 1.0, 17.5) ori(0.0, 103.7, 0.0)
tim(113.5743) pos(-29.2, 1.0, 17.0) ori(0.0, 103.7, 0.0)
tim(114.0759) pos(-28.8, 1.0, 16.9) ori(0.0, 101.2, 0.0)
tim(114.5957) pos(-28.8, 1.0, 16.9) ori(0.0, 94.7, 0.0)
tim(115.1126) pos(-28.8, 1.0, 16.9) ori(0.0, 76.3, 0.0)
tim(115.6216) pos(-28.8, 1.0, 16.9) ori(0.0, 76.3, 0.0)
tim(116.1331) pos(-28.3, 1.0, 17.1) ori(0.0, 76.3, 0.0)
tim(116.6376) pos(-27.6, 1.0, 17.2) ori(0.0, 76.3, 0.0)
tim(117.14) pos(-27.5, 1.0, 17.2) ori(0.0, 76.3, 0.0)
tim(117.645) pos(-27.5, 1.0, 17.3) ori(0.0, 76.3, 0.0)
tim(118.1566) pos(-27.5, 1.0, 17.3) ori(0.0, 76.3, 0.0)
tim(118.666) pos(-27.5, 1.0, 17.3) ori(0.0, 62.5, 0.0)
tim(119.1745) pos(-27.3, 1.0, 17.4) ori(0.0, 62.5, 0.0)
tim(119.6762) pos(-26.6, 1.0, 17.7) ori(0.0, 70.4, 0.0)
tim(120.1803) pos(-26.1, 1.0, 17.9) ori(0.0, 70.4, 0.0)
tim(120.6898) pos(-26.1, 1.0, 17.9) ori(0.0, 70.4, 0.0)
tim(121.1988) pos(-25.4, 1.0, 18.1) ori(0.0, 70.4, 0.0)
tim(121.7088) pos(-24.5, 1.0, 18.5) ori(0.0, 70.4, 0.0)
tim(122.2217) pos(-23.1, 1.0, 19.0) ori(0.0, 66.7, 0.0)
tim(122.7234) pos(-22.9, 1.0, 19.0) ori(0.0, 59.1, 0.0)
tim(123.238) pos(-22.9, 1.0, 19.0) ori(0.0, 59.1, 0.0)
tim(123.7529) pos(-22.9, 1.0, 19.0) ori(0.0, 50.2, 0.0)
tim(124.2682) pos(-22.9, 1.0, 19.0) ori(0.0, 7.6, 0.0)
tim(124.7752) pos(-22.8, 1.0, 19.3) ori(0.0, 6.9, 0.0)
tim(125.2791) pos(-22.6, 1.0, 20.2) ori(0.0, 6.9, 0.0)
tim(125.793) pos(-22.6, 1.0, 20.4) ori(0.0, 359.4, 0.0)
tim(126.3015) pos(-22.6, 1.0, 20.5) ori(0.0, 339.3, 0.0)
tim(126.8105) pos(-22.8, 1.0, 21.0) ori(0.0, 339.3, 0.0)
tim(127.3296) pos(-22.9, 1.0, 21.1) ori(0.0, 339.3, 0.0)
tim(127.8406) pos(-22.9, 1.0, 21.1) ori(0.0, 345.9, 0.0)
tim(128.3501) pos(-22.9, 1.0, 21.1) ori(0.0, 16.1, 0.0)
tim(128.8749) pos(-22.9, 1.0, 21.1) ori(0.0, 348.3, 0.0)
tim(129.3807) pos(-22.9, 1.0, 21.1) ori(0.0, 332.1, 0.0)
tim(129.8934) pos(-22.9, 1.0, 21.1) ori(0.0, 288.7, 0.0)
tim(130.4056) pos(-22.9, 1.0, 21.1) ori(0.0, 296.1, 0.0)
tim(130.9075) pos(-22.9, 1.0, 21.1) ori(0.0, 335.2, 0.0)
tim(131.413) pos(-22.9, 1.0, 21.1) ori(0.0, 336.8, 0.0)
tim(131.9176) pos(-22.9, 1.0, 21.1) ori(0.0, 336.8, 0.0)
tim(132.4313) pos(-22.9, 1.0, 21.1) ori(0.0, 336.8, 0.0)
tim(132.9425) pos(-22.9, 1.0, 21.1) ori(0.0, 336.8, 0.0)
tim(133.4549) pos(-22.9, 1.0, 21.1) ori(0.0, 336.8, 0.0)
tim(133.9729) pos(-22.9, 1.0, 21.1) ori(0.0, 336.8, 0.0)
tim(134.4762) pos(-22.9, 1.0, 21.1) ori(0.0, 336.8, 0.0)
tim(134.9938) pos(-22.9, 1.0, 21.1) ori(0.0, 336.8, 0.0)
tim(135.5013) pos(-22.9, 1.0, 21.1) ori(0.0, 340.5, 0.0)
tim(136.0096) pos(-22.9, 1.0, 21.1) ori(0.0, 22.9, 0.0)
tim(136.5202) pos(-22.9, 1.0, 21.1) ori(0.0, 24.0, 0.0)
tim(137.0319) pos(-22.9, 1.0, 21.1) ori(0.0, 24.0, 0.0)
tim(137.5385) pos(-22.9, 1.0, 21.1) ori(0.0, 24.0, 0.0)
tim(138.0414) pos(-22.9, 1.0, 21.1) ori(0.0, 4.3, 0.0)
tim(138.5509) pos(-22.9, 1.0, 21.1) ori(0.0, 316.3, 0.0)
tim(139.0518) pos(-22.9, 1.0, 21.1) ori(0.0, 284.6, 0.0)
tim(139.5657) pos(-22.9, 1.0, 21.1) ori(0.0, 284.6, 0.0)
tim(140.0802) pos(-22.9, 1.0, 21.1) ori(0.0, 284.6, 0.0)
tim(140.5943) pos(-22.9, 1.0, 21.1) ori(0.0, 291.7, 0.0)
tim(141.0975) pos(-22.9, 1.0, 21.1) ori(0.0, 326.6, 0.0)
tim(141.6188) pos(-22.9, 1.0, 21.1) ori(0.0, 326.6, 0.0)
tim(142.1316) pos(-23.0, 1.0, 21.2) ori(0.0, 326.6, 0.0)
tim(142.6348) pos(-23.4, 1.0, 21.9) ori(0.0, 326.6, 0.0)
tim(143.1605) pos(-23.5, 1.0, 22.0) ori(0.0, 326.6, 0.0)
tim(143.6709) pos(-23.5, 1.0, 22.0) ori(0.0, 326.6, 0.0)
tim(144.182) pos(-23.5, 1.0, 22.0) ori(0.0, 326.6, 0.0)
tim(144.6857) pos(-23.5, 1.0, 22.0) ori(0.0, 326.6, 0.0)
tim(145.2118) pos(-23.5, 1.0, 22.0) ori(0.0, 326.6, 0.0)
tim(145.7207) pos(-23.5, 1.0, 22.0) ori(0.0, 326.6, 0.0)
tim(146.2302) pos(-23.5, 1.0, 22.0) ori(0.0, 326.6, 0.0)
tim(146.7564) pos(-23.5, 1.0, 22.0) ori(0.0, 326.6, 0.0)
tim(147.2815) pos(-23.5, 1.0, 22.0) ori(0.0, 352.4, 0.0)
tim(147.7886) pos(-23.5, 1.0, 22.0) ori(0.0, 14.1, 0.0)
tim(148.2911) pos(-23.5, 1.0, 22.0) ori(0.0, 53.9, 0.0)
tim(148.7937) pos(-23.5, 1.0, 22.0) ori(0.0, 47.3, 0.0)
tim(149.3173) pos(-23.5, 1.0, 22.0) ori(0.0, 8.0, 0.0)
tim(149.8263) pos(-23.5, 1.0, 22.0) ori(0.0, 5.2, 0.0)
tim(150.3358) pos(-23.5, 1.0, 22.0) ori(0.0, 337.5, 0.0)
tim(150.8624) pos(-23.5, 1.0, 22.0) ori(0.0, 331.6, 0.0)
tim(151.3871) pos(-23.5, 1.0, 22.0) ori(0.0, 331.6, 0.0)
tim(151.8952) pos(-23.5, 1.0, 22.0) ori(0.0, 315.3, 0.0)
tim(152.4091) pos(-23.5, 1.0, 22.0) ori(0.0, 264.3, 0.0)
tim(152.9229) pos(-23.5, 1.0, 22.0) ori(0.0, 259.2, 0.0)
tim(153.4374) pos(-23.5, 1.0, 22.0) ori(0.0, 259.2, 0.0)
tim(153.9518) pos(-23.5, 1.0, 22.0) ori(0.0, 259.6, 0.0)
tim(154.4547) pos(-23.5, 1.0, 22.0) ori(0.0, 306.5, 0.0)
tim(154.9615) pos(-23.8, 1.0, 22.1) ori(0.0, 312.1, 0.0)
tim(155.4684) pos(-24.3, 1.0, 22.1) ori(0.0, 312.1, 0.0)
tim(155.9766) pos(-24.3, 1.0, 22.1) ori(0.0, 277.9, 0.0)
tim(156.4907) pos(-24.3, 1.0, 22.1) ori(0.0, 275.0, 0.0)
tim(157.0056) pos(-24.3, 1.0, 22.1) ori(0.0, 301.4, 0.0)
tim(157.5082) pos(-24.7, 1.0, 22.3) ori(0.0, 301.4, 0.0)
tim(158.0145) pos(-24.9, 1.0, 22.4) ori(0.0, 287.8, 0.0)
tim(158.5154) pos(-25.2, 1.0, 22.5) ori(0.0, 279.6, 0.0)
tim(159.0298) pos(-26.1, 1.0, 22.8) ori(0.0, 278.9, 0.0)
tim(159.5322) pos(-26.6, 1.0, 22.8) ori(0.0, 255.8, 0.0)
tim(160.0413) pos(-27.6, 1.0, 22.7) ori(0.0, 255.8, 0.0)
tim(160.5558) pos(-28.9, 1.0, 22.4) ori(0.0, 255.8, 0.0)
tim(161.0616) pos(-30.5, 1.0, 22.0) ori(0.0, 255.8, 0.0)
tim(161.5676) pos(-30.7, 1.0, 21.9) ori(0.0, 289.1, 0.0)
tim(162.0825) pos(-30.8, 1.0, 21.9) ori(0.0, 294.1, 0.0)
tim(162.5976) pos(-30.8, 1.0, 21.9) ori(0.0, 324.2, 0.0)
tim(163.112) pos(-30.8, 1.0, 21.9) ori(0.0, 324.2, 0.0)
tim(163.6267) pos(-30.8, 1.0, 21.9) ori(0.0, 324.2, 0.0)
tim(164.1407) pos(-30.8, 1.0, 21.9) ori(0.0, 318.6, 0.0)
tim(164.6546) pos(-30.8, 1.0, 21.9) ori(0.0, 280.7, 0.0)
tim(165.169) pos(-30.8, 1.0, 21.9) ori(0.0, 280.7, 0.0)
tim(165.683) pos(-30.8, 1.0, 21.9) ori(0.0, 280.7, 0.0)
tim(166.1973) pos(-30.8, 1.0, 21.9) ori(0.0, 290.4, 0.0)
tim(166.7117) pos(-30.8, 1.0, 21.9) ori(0.0, 314.5, 0.0)
tim(167.226) pos(-30.8, 1.0, 21.9) ori(0.0, 314.5, 0.0)
tim(167.7405) pos(-30.8, 1.0, 21.9) ori(0.0, 314.5, 0.0)
tim(168.2556) pos(-30.8, 1.0, 21.9) ori(0.0, 314.5, 0.0)
tim(168.7693) pos(-30.8, 1.0, 21.9) ori(0.0, 314.5, 0.0)
tim(169.2837) pos(-30.8, 1.0, 21.9) ori(0.0, 314.5, 0.0)
tim(169.798) pos(-30.8, 1.0, 21.9) ori(0.0, 294.5, 0.0)
tim(170.3133) pos(-30.8, 1.0, 21.9) ori(0.0, 253.8, 0.0)
tim(170.8268) pos(-30.8, 1.0, 21.9) ori(0.0, 308.7, 0.0)
tim(171.3432) pos(-30.8, 1.0, 21.9) ori(0.0, 330.3, 0.0)
tim(171.8574) pos(-30.8, 1.0, 21.9) ori(0.0, 330.3, 0.0)
tim(172.3613) pos(-30.8, 1.0, 21.9) ori(0.0, 330.3, 0.0)
tim(172.8678) pos(-30.8, 1.0, 21.9) ori(0.0, 300.2, 0.0)
tim(173.3822) pos(-30.8, 1.0, 21.9) ori(0.0, 297.1, 0.0)
tim(173.8975) pos(-30.8, 1.0, 21.9) ori(0.0, 297.1, 0.0)
tim(174.4111) pos(-30.8, 1.0, 21.9) ori(0.0, 297.1, 0.0)
tim(174.9255) pos(-30.8, 1.0, 21.9) ori(0.0, 297.1, 0.0)
tim(175.4399) pos(-30.8, 1.0, 21.9) ori(0.0, 297.1, 0.0)
tim(175.9547) pos(-30.8, 1.0, 21.9) ori(0.0, 275.4, 0.0)
tim(176.4688) pos(-30.8, 1.0, 21.9) ori(0.0, 268.9, 0.0)
tim(176.9834) pos(-30.8, 1.0, 21.9) ori(0.0, 294.1, 0.0)
tim(177.4958) pos(-30.8, 1.0, 21.9) ori(0.0, 346.2, 0.0)
tim(178.0168) pos(-30.8, 1.0, 21.9) ori(0.0, 355.1, 0.0)
tim(178.5484) pos(-30.8, 1.0, 21.9) ori(0.0, 25.1, 0.0)
tim(179.0651) pos(-30.8, 1.0, 21.9) ori(0.0, 40.5, 0.0)
tim(179.5788) pos(-30.8, 1.0, 21.9) ori(0.0, 71.6, 0.0)
tim(180.0943) pos(-30.6, 1.0, 22.0) ori(0.0, 71.6, 0.0)
tim(180.6161) pos(-29.7, 1.0, 22.3) ori(0.0, 71.6, 0.0)
tim(181.131) pos(-29.3, 1.0, 22.4) ori(0.0, 71.6, 0.0)
tim(181.6405) pos(-28.8, 1.0, 22.6) ori(0.0, 71.6, 0.0)
tim(182.1469) pos(-28.4, 1.0, 22.7) ori(0.0, 71.6, 0.0)
tim(182.6632) pos(-28.4, 1.0, 22.7) ori(0.0, 60.8, 0.0)
tim(183.1653) pos(-28.4, 1.0, 22.7) ori(0.0, 38.1, 0.0)
tim(183.6657) pos(-28.4, 1.0, 22.7) ori(0.0, 38.1, 0.0)
tim(184.1929) pos(-28.4, 1.0, 22.7) ori(0.0, 38.1, 0.0)
tim(184.7023) pos(-28.4, 1.0, 22.7) ori(0.0, 38.1, 0.0)
tim(185.2325) pos(-28.4, 1.0, 22.7) ori(0.0, 38.1, 0.0)
tim(185.7333) pos(-28.4, 1.0, 22.7) ori(0.0, 38.1, 0.0)
tim(186.2574) pos(-27.9, 1.0, 23.3) ori(0.0, 38.1, 0.0)
tim(186.7775) pos(-27.7, 1.0, 23.7) ori(0.0, 32.8, 0.0)
tim(187.2785) pos(-27.5, 1.0, 24.0) ori(0.0, 20.7, 0.0)
tim(187.8022) pos(-27.2, 1.0, 24.9) ori(0.0, 5.7, 0.0)
tim(188.3036) pos(-27.1, 1.0, 26.7) ori(0.0, 359.0, 0.0)
tim(188.8346) pos(-27.2, 1.0, 28.8) ori(0.0, 359.0, 0.0)
tim(189.3872) pos(-27.2, 1.0, 30.5) ori(0.0, 359.0, 0.0)
tim(189.8878) pos(-27.2, 1.0, 30.9) ori(0.0, 359.0, 0.0)
tim(190.4372) pos(-27.2, 1.0, 31.4) ori(0.0, 359.0, 0.0)
tim(190.9864) pos(-27.2, 1.0, 31.4) ori(0.0, 5.6, 0.0)
tim(191.5336) pos(-27.2, 1.0, 31.4) ori(0.0, 24.2, 0.0)
tim(192.0339) pos(-27.2, 1.0, 31.4) ori(0.0, 25.8, 0.0)
tim(192.5543) pos(-27.2, 1.0, 31.4) ori(0.0, 43.3, 0.0)
tim(193.0744) pos(-27.2, 1.0, 31.4) ori(0.0, 44.2, 0.0)
tim(193.613) pos(-27.2, 1.0, 31.4) ori(0.0, 44.2, 0.0)
tim(194.1514) pos(-27.2, 1.0, 31.4) ori(0.0, 62.4, 0.0)
tim(194.6535) pos(-27.2, 1.0, 31.4) ori(0.0, 79.9, 0.0)
tim(195.1758) pos(-27.2, 1.0, 31.4) ori(0.0, 56.5, 0.0)
tim(195.6999) pos(-27.2, 1.0, 31.4) ori(0.0, 32.5, 0.0)
tim(196.2248) pos(-27.2, 1.0, 31.4) ori(0.0, 12.5, 0.0)
tim(196.7283) pos(-27.2, 1.0, 31.4) ori(0.0, 352.5, 0.0)
tim(197.2476) pos(-27.2, 1.0, 31.4) ori(0.0, 325.7, 0.0)
tim(197.751) pos(-27.2, 1.0, 31.4) ori(0.0, 325.3, 0.0)
tim(198.2679) pos(-27.2, 1.0, 31.4) ori(0.0, 325.3, 0.0)
tim(198.7784) pos(-27.2, 1.0, 31.4) ori(0.0, 325.3, 0.0)
tim(199.2886) pos(-27.2, 1.0, 31.4) ori(0.0, 342.6, 0.0)
tim(199.8254) pos(-27.2, 1.0, 31.4) ori(0.0, 343.1, 0.0)
tim(200.3482) pos(-27.2, 1.0, 31.4) ori(0.0, 343.1, 0.0)
tim(200.8935) pos(-27.2, 1.0, 31.4) ori(0.0, 357.0, 0.0)
tim(201.4009) pos(-27.2, 1.0, 31.4) ori(0.0, 1.2, 0.0)
tim(201.9229) pos(-27.2, 1.0, 31.4) ori(0.0, 1.2, 0.0)
tim(202.4577) pos(-27.2, 1.0, 31.4) ori(0.0, 1.2, 0.0)
tim(202.9921) pos(-27.2, 1.0, 31.4) ori(0.0, 7.6, 0.0)
tim(203.5169) pos(-27.2, 1.0, 31.4) ori(0.0, 17.2, 0.0)
tim(204.0447) pos(-27.2, 1.0, 31.4) ori(0.0, 17.2, 0.0)
tim(204.5501) pos(-27.2, 1.0, 31.4) ori(0.0, 31.5, 0.0)
tim(205.0663) pos(-27.2, 1.0, 31.4) ori(0.0, 41.2, 0.0)
tim(205.6092) pos(-27.2, 1.0, 31.4) ori(0.0, 41.2, 0.0)
tim(206.1465) pos(-27.2, 1.0, 31.4) ori(0.0, 41.2, 0.0)
tim(206.6814) pos(-27.2, 1.0, 31.4) ori(0.0, 53.7, 0.0)
tim(207.2068) pos(-27.2, 1.0, 31.4) ori(0.0, 54.2, 0.0)
tim(207.7256) pos(-27.2, 1.0, 31.4) ori(0.0, 75.5, 0.0)
tim(208.2331) pos(-27.2, 1.0, 31.4) ori(0.0, 103.5, 0.0)
tim(208.754) pos(-27.2, 1.0, 31.4) ori(0.0, 147.5, 0.0)
tim(209.2742) pos(-27.2, 1.0, 31.4) ori(0.0, 179.1, 0.0)
tim(209.7868) pos(-27.2, 1.0, 30.9) ori(0.0, 179.1, 0.0)
tim(210.3021) pos(-27.2, 1.0, 29.9) ori(0.0, 179.1, 0.0)
tim(210.8199) pos(-27.2, 1.0, 28.7) ori(0.0, 178.6, 0.0)
tim(211.3364) pos(-27.1, 1.0, 28.5) ori(0.0, 141.4, 0.0)
tim(211.8392) pos(-26.7, 1.0, 27.8) ori(0.0, 139.2, 0.0)
tim(212.3525) pos(-26.2, 1.0, 27.3) ori(0.0, 133.5, 0.0)
tim(212.8528) pos(-26.2, 1.0, 27.3) ori(0.0, 91.6, 0.0)
tim(213.3722) pos(-26.2, 1.0, 27.3) ori(0.0, 90.7, 0.0)
tim(213.8783) pos(-26.2, 1.0, 27.3) ori(0.0, 90.7, 0.0)
tim(214.3854) pos(-26.2, 1.0, 27.3) ori(0.0, 90.7, 0.0)
tim(214.8945) pos(-26.2, 1.0, 27.3) ori(0.0, 90.7, 0.0)
tim(215.4021) pos(-26.2, 1.0, 27.3) ori(0.0, 90.7, 0.0)
tim(215.9123) pos(-26.2, 1.0, 27.3) ori(0.0, 90.7, 0.0)
tim(216.4297) pos(-25.5, 1.0, 27.3) ori(0.0, 90.7, 0.0)
tim(216.9368) pos(-24.5, 1.0, 27.3) ori(0.0, 90.7, 0.0)
tim(217.44) pos(-22.8, 1.0, 27.3) ori(0.0, 90.7, 0.0)
tim(217.9538) pos(-20.8, 1.0, 27.2) ori(0.0, 90.7, 0.0)
tim(218.4564) pos(-19.1, 1.0, 27.2) ori(0.0, 90.7, 0.0)
tim(218.9668) pos(-18.7, 1.0, 27.2) ori(0.0, 90.7, 0.0)
tim(219.4812) pos(-18.1, 1.0, 27.2) ori(0.0, 97.9, 0.0)
tim(219.9951) pos(-18.0, 1.0, 27.2) ori(0.0, 142.8, 0.0)
tim(220.5059) pos(-18.0, 1.0, 27.2) ori(0.0, 167.0, 0.0)
tim(221.0291) pos(-18.0, 1.0, 27.2) ori(0.0, 167.0, 0.0)
tim(221.5456) pos(-18.0, 1.0, 27.2) ori(0.0, 167.0, 0.0)
tim(222.052) pos(-18.0, 1.0, 27.2) ori(0.0, 144.6, 0.0)
tim(222.5674) pos(-18.0, 1.0, 27.2) ori(0.0, 96.6, 0.0)
tim(223.0811) pos(-18.0, 1.0, 27.2) ori(0.0, 61.1, 0.0)
tim(223.5953) pos(-18.0, 1.0, 27.2) ori(0.0, 61.1, 0.0)
tim(224.1096) pos(-18.0, 1.0, 27.2) ori(0.0, 33.2, 0.0)
tim(224.6122) pos(-18.0, 1.0, 27.2) ori(0.0, 358.4, 0.0)
tim(225.1184) pos(-18.0, 1.0, 27.2) ori(0.0, 358.4, 0.0)
tim(225.6443) pos(-18.0, 1.0, 27.2) ori(0.0, 358.4, 0.0)
tim(226.1627) pos(-18.0, 1.0, 27.2) ori(0.0, 358.4, 0.0)
tim(226.6714) pos(-18.0, 1.0, 27.2) ori(0.0, 12.5, 0.0)
tim(227.1792) pos(-18.0, 1.0, 27.2) ori(0.0, 49.2, 0.0)
tim(227.6947) pos(-18.0, 1.0, 27.2) ori(0.0, 95.2, 0.0)
tim(228.2004) pos(-18.0, 1.0, 27.2) ori(0.0, 136.4, 0.0)
tim(228.7196) pos(-18.0, 1.0, 27.2) ori(0.0, 171.7, 0.0)
tim(229.2358) pos(-17.7, 1.0, 26.7) ori(0.0, 172.2, 0.0)
tim(229.742) pos(-17.6, 1.0, 25.8) ori(0.0, 172.2, 0.0)
tim(230.2517) pos(-17.4, 1.0, 24.7) ori(0.0, 154.0, 0.0)
tim(230.7677) pos(-17.2, 1.0, 24.1) ori(0.0, 131.6, 0.0)
tim(231.2867) pos(-16.5, 1.0, 23.4) ori(0.0, 131.6, 0.0)
tim(231.7997) pos(-16.1, 1.0, 23.0) ori(0.0, 93.8, 0.0)
tim(232.309) pos(-16.1, 1.0, 23.0) ori(0.0, 7.8, 0.0)
tim(232.8219) pos(-16.1, 1.0, 23.0) ori(0.0, 26.6, 0.0)
tim(233.3368) pos(-16.1, 1.0, 23.0) ori(0.0, 90.1, 0.0)
tim(233.8526) pos(-16.1, 1.0, 23.0) ori(0.0, 117.5, 0.0)
tim(234.3686) pos(-16.1, 1.0, 23.0) ori(0.0, 118.0, 0.0)
tim(234.8805) pos(-16.1, 1.0, 23.0) ori(0.0, 147.5, 0.0)
tim(235.3827) pos(-16.1, 1.0, 23.0) ori(0.0, 176.5, 0.0)
tim(235.8842) pos(-16.1, 1.0, 23.0) ori(0.0, 219.9, 0.0)
tim(236.3997) pos(-16.1, 1.0, 23.0) ori(0.0, 263.3, 0.0)
tim(236.9242) pos(-16.1, 1.0, 23.0) ori(0.0, 307.6, 0.0)
tim(237.4386) pos(-16.1, 1.0, 23.0) ori(0.0, 318.6, 0.0)
tim(237.9496) pos(-16.1, 1.0, 23.0) ori(0.0, 357.1, 0.0)
tim(238.4637) pos(-16.1, 1.0, 23.0) ori(0.0, 63.8, 0.0)
tim(238.9785) pos(-16.1, 1.0, 23.0) ori(0.0, 66.1, 0.0)
tim(239.4926) pos(-16.1, 1.0, 23.0) ori(0.0, 66.1, 0.0)
tim(240.0069) pos(-16.1, 1.0, 23.0) ori(0.0, 34.2, 0.0)
tim(240.5209) pos(-16.1, 1.0, 23.0) ori(0.0, 350.1, 0.0)
tim(241.0304) pos(-16.1, 1.0, 23.0) ori(0.0, 350.1, 0.0)
tim(241.5459) pos(-16.1, 1.0, 23.0) ori(0.0, 331.5, 0.0)
tim(242.0581) pos(-16.1, 1.0, 23.1) ori(0.0, 331.2, 0.0)
tim(242.582) pos(-16.6, 1.0, 23.9) ori(0.0, 331.2, 0.0)
tim(243.1117) pos(-17.2, 1.0, 25.1) ori(0.0, 331.2, 0.0)
tim(243.6329) pos(-17.9, 1.0, 26.4) ori(0.0, 327.8, 0.0)
tim(244.1331) pos(-18.0, 1.0, 26.5) ori(0.0, 309.1, 0.0)
tim(244.6417) pos(-18.1, 1.0, 26.5) ori(0.0, 283.9, 0.0)
tim(245.1449) pos(-18.8, 1.0, 26.8) ori(0.0, 283.9, 0.0)
tim(245.651) pos(-19.9, 1.0, 27.1) ori(0.0, 283.9, 0.0)
tim(246.1651) pos(-20.7, 1.0, 27.3) ori(0.0, 280.7, 0.0)
tim(246.6705) pos(-20.7, 1.0, 27.3) ori(0.0, 249.8, 0.0)
tim(247.1877) pos(-21.1, 1.0, 27.0) ori(0.0, 237.1, 0.0)
tim(247.6933) pos(-21.9, 1.0, 26.5) ori(0.0, 237.1, 0.0)
tim(248.1949) pos(-22.4, 1.0, 26.2) ori(0.0, 216.2, 0.0)
tim(248.7041) pos(-22.6, 1.0, 25.9) ori(0.0, 180.5, 0.0)
tim(249.2085) pos(-22.8, 1.0, 25.0) ori(0.0, 180.5, 0.0)
tim(249.7105) pos(-22.8, 1.0, 23.7) ori(0.0, 177.6, 0.0)
tim(250.2111) pos(-22.6, 1.0, 21.7) ori(0.0, 174.4, 0.0)
tim(250.7137) pos(-22.4, 1.0, 19.7) ori(0.0, 174.4, 0.0)
tim(251.2309) pos(-22.2, 1.0, 17.9) ori(0.0, 174.4, 0.0)
tim(251.7521) pos(-22.2, 1.0, 17.7) ori(0.0, 174.4, 0.0)
tim(252.2619) pos(-22.2, 1.0, 17.6) ori(0.0, 174.4, 0.0)
tim(252.7682) pos(-22.2, 1.0, 17.6) ori(0.0, 175.8, 0.0)
tim(253.2731) pos(-22.2, 1.0, 17.6) ori(0.0, 203.6, 0.0)
tim(253.7737) pos(-22.2, 1.0, 17.6) ori(0.0, 204.6, 0.0)
tim(254.2905) pos(-22.2, 1.0, 17.6) ori(0.0, 202.9, 0.0)
tim(254.7974) pos(-22.2, 1.0, 17.6) ori(0.0, 169.5, 0.0)
tim(255.3001) pos(-22.4, 1.0, 17.2) ori(0.0, 167.2, 0.0)
tim(255.8105) pos(-22.5, 1.0, 16.3) ori(0.0, 167.2, 0.0)
tim(256.3279) pos(-22.2, 1.0, 15.0) ori(0.0, 167.2, 0.0)
tim(256.834) pos(-22.1, 1.0, 14.7) ori(0.0, 167.2, 0.0)
tim(257.3347) pos(-22.1, 1.0, 14.7) ori(0.0, 167.2, 0.0)
tim(257.8484) pos(-22.1, 1.0, 14.7) ori(0.0, 167.2, 0.0)
tim(258.3572) pos(-22.1, 1.0, 14.7) ori(0.0, 159.2, 0.0)
tim(258.8582) pos(-22.1, 1.0, 14.7) ori(0.0, 130.1, 0.0)
tim(259.3722) pos(-22.1, 1.0, 14.7) ori(0.0, 144.4, 0.0)
tim(259.8865) pos(-22.1, 1.0, 14.7) ori(0.0, 144.4, 0.0)
tim(260.4009) pos(-22.0, 1.0, 14.5) ori(0.0, 144.4, 0.0)
tim(260.9156) pos(-21.5, 1.0, 13.8) ori(0.0, 144.4, 0.0)
tim(261.4295) pos(-21.2, 1.0, 13.4) ori(0.0, 130.8, 0.0)
tim(261.9439) pos(-21.0, 1.0, 13.1) ori(0.0, 126.2, 0.0)
tim(262.4582) pos(-20.7, 1.0, 12.7) ori(0.0, 106.2, 0.0)
tim(262.9689) pos(-20.5, 1.0, 12.4) ori(0.0, 86.8, 0.0)
tim(263.4703) pos(-19.7, 1.0, 12.1) ori(0.0, 86.8, 0.0)
tim(263.9719) pos(-18.4, 1.0, 12.2) ori(0.0, 86.8, 0.0)
tim(264.4949) pos(-17.8, 1.0, 12.2) ori(0.0, 86.2, 0.0)
tim(265.0198) pos(-17.8, 1.0, 12.2) ori(0.0, 61.1, 0.0)
tim(265.5449) pos(-17.7, 1.0, 12.2) ori(0.0, 23.8, 0.0)
tim(266.0533) pos(-17.7, 1.0, 12.2) ori(0.0, 14.1, 0.0)
tim(266.5544) pos(-17.7, 1.0, 12.2) ori(0.0, 14.1, 0.0)
tim(267.0623) pos(-17.7, 1.0, 12.2) ori(0.0, 14.1, 0.0)
tim(267.5667) pos(-17.7, 1.0, 12.2) ori(0.0, 14.1, 0.0)
tim(268.0793) pos(-17.7, 1.0, 12.2) ori(0.0, 355.9, 0.0)
tim(268.5895) pos(-17.7, 1.0, 12.2) ori(0.0, 308.5, 0.0)
tim(269.0939) pos(-17.7, 1.0, 12.2) ori(0.0, 293.8, 0.0)
tim(269.6085) pos(-17.8, 1.0, 12.2) ori(0.0, 262.3, 0.0)
tim(270.1188) pos(-18.7, 1.0, 12.1) ori(0.0, 267.6, 0.0)
tim(270.6254) pos(-19.8, 1.0, 12.3) ori(0.0, 295.1, 0.0)
tim(271.1432) pos(-20.4, 1.0, 12.6) ori(0.0, 295.1, 0.0)
tim(271.6495) pos(-19.7, 1.0, 12.3) ori(0.0, 295.1, 0.0)
tim(272.1556) pos(-18.9, 1.0, 11.9) ori(0.0, 296.2, 0.0)
tim(272.657) pos(-18.8, 1.0, 11.8) ori(0.0, 325.3, 0.0)
tim(273.1712) pos(-18.8, 1.0, 11.8) ori(0.0, 13.4, 0.0)
tim(273.6736) pos(-18.6, 1.0, 12.3) ori(0.0, 17.3, 0.0)
tim(274.1779) pos(-18.4, 1.0, 13.3) ori(0.0, 17.3, 0.0)
tim(274.6877) pos(-18.0, 1.0, 14.2) ori(0.0, 17.3, 0.0)
tim(275.1917) pos(-17.9, 1.0, 14.3) ori(0.0, 17.3, 0.0)
tim(275.7024) pos(-17.9, 1.0, 14.4) ori(0.0, 39.6, 0.0)
tim(276.2048) pos(-17.9, 1.0, 14.4) ori(0.0, 77.5, 0.0)
tim(276.7065) pos(-17.9, 1.0, 14.4) ori(0.0, 78.4, 0.0)
tim(277.2126) pos(-17.9, 1.0, 14.4) ori(0.0, 78.4, 0.0)
tim(277.7238) pos(-17.9, 1.0, 14.4) ori(0.0, 78.4, 0.0)
tim(278.2379) pos(-17.9, 1.0, 14.4) ori(0.0, 78.4, 0.0)
tim(278.744) pos(-17.9, 1.0, 14.4) ori(0.0, 78.4, 0.0)
tim(279.2634) pos(-17.9, 1.0, 14.4) ori(0.0, 78.4, 0.0)
tim(279.7772) pos(-17.9, 1.0, 14.4) ori(0.0, 78.4, 0.0)
tim(280.2863) pos(-17.9, 1.0, 14.4) ori(0.0, 78.4, 0.0)
tim(280.8043) pos(-17.9, 1.0, 14.4) ori(0.0, 78.4, 0.0)
tim(281.3334) pos(-17.9, 1.0, 14.4) ori(0.0, 78.4, 0.0)
tim(281.8607) pos(-17.9, 1.0, 14.4) ori(0.0, 78.4, 0.0)
tim(282.381) pos(-17.9, 1.0, 14.4) ori(0.0, 78.4, 0.0)
tim(282.8942) pos(-17.9, 1.0, 14.4) ori(0.0, 78.4, 0.0)
tim(283.4218) pos(-17.9, 1.0, 14.4) ori(0.0, 78.4, 0.0)
tim(283.9261) pos(-17.9, 1.0, 14.4) ori(0.0, 78.4, 0.0)
tim(284.4405) pos(-17.9, 1.0, 14.4) ori(0.0, 78.4, 0.0)
tim(284.9576) pos(-17.9, 1.0, 14.4) ori(0.0, 78.4, 0.0)
tim(285.4708) pos(-17.9, 1.0, 14.4) ori(0.0, 78.4, 0.0)
tim(285.994) pos(-17.6, 1.0, 14.4) ori(0.0, 78.4, 0.0)
tim(286.5129) pos(-17.6, 1.0, 14.4) ori(0.0, 78.4, 0.0)
tim(287.0374) pos(-17.6, 1.0, 14.4) ori(0.0, 78.4, 0.0)
tim(287.5442) pos(-17.6, 1.0, 14.4) ori(0.0, 56.2, 0.0)
tim(288.0526) pos(-17.6, 1.0, 14.4) ori(0.0, 37.5, 0.0)
tim(288.557) pos(-17.6, 1.0, 14.4) ori(0.0, 0.3, 0.0)
tim(289.0716) pos(-17.6, 1.0, 14.4) ori(0.0, 313.4, 0.0)
tim(289.5841) pos(-17.6, 1.0, 14.4) ori(0.0, 306.9, 0.0)
tim(290.107) pos(-17.0, 1.0, 14.0) ori(0.0, 306.9, 0.0)
tim(290.6134) pos(-16.4, 1.0, 13.5) ori(0.0, 306.9, 0.0)
tim(291.1361) pos(-16.4, 1.0, 13.5) ori(0.0, 306.9, 0.0)
tim(291.6511) pos(-16.4, 1.0, 13.5) ori(0.0, 306.9, 0.0)
tim(292.1747) pos(-16.4, 1.0, 13.5) ori(0.0, 306.9, 0.0)
tim(292.6945) pos(-16.4, 1.0, 13.5) ori(0.0, 306.9, 0.0)
tim(293.1959) pos(-16.4, 1.0, 13.5) ori(0.0, 306.9, 0.0)
tim(293.6964) pos(-16.4, 1.0, 13.5) ori(0.0, 329.4, 0.0)
tim(294.2) pos(-16.4, 1.0, 13.5) ori(0.0, 334.2, 0.0)
tim(294.707) pos(-16.4, 1.0, 13.5) ori(0.0, 330.9, 0.0)
tim(295.2151) pos(-16.4, 1.0, 13.5) ori(0.0, 294.9, 0.0)
tim(295.7213) pos(-16.4, 1.0, 13.5) ori(0.0, 272.4, 0.0)
tim(296.2238) pos(-16.4, 1.0, 13.5) ori(0.0, 252.3, 0.0)
tim(296.7378) pos(-16.4, 1.0, 13.5) ori(0.0, 247.2, 0.0)
tim(297.2595) pos(-16.4, 1.0, 13.5) ori(0.0, 258.2, 0.0)
tim(297.7602) pos(-16.4, 1.0, 13.5) ori(0.0, 294.8, 0.0)
tim(298.2789) pos(-16.4, 1.0, 13.5) ori(0.0, 338.8, 0.0)
tim(298.8001) pos(-16.4, 1.0, 13.5) ori(0.0, 26.8, 0.0)
tim(299.3194) pos(-16.4, 1.0, 13.5) ori(0.0, 74.8, 0.0)
tim(299.845) pos(-16.4, 1.0, 13.5) ori(0.0, 110.8, 0.0)
tim(300.3583) pos(-16.4, 1.0, 13.5) ori(0.0, 170.8, 0.0)
tim(300.8659) pos(-16.4, 1.0, 13.5) ori(0.0, 230.8, 0.0)
tim(301.3825) pos(-16.4, 1.0, 13.5) ori(0.0, 248.4, 0.0)
tim(301.8984) pos(-16.4, 1.0, 13.5) ori(0.0, 256.5, 0.0)
tim(302.4009) pos(-16.6, 1.0, 13.4) ori(0.0, 256.5, 0.0)
tim(302.918) pos(-17.4, 1.0, 13.2) ori(0.0, 256.5, 0.0)
tim(303.4366) pos(-18.7, 1.0, 12.9) ori(0.0, 256.5, 0.0)
tim(303.9432) pos(-20.6, 1.0, 12.5) ori(0.0, 257.1, 0.0)
tim(304.4597) pos(-21.3, 1.0, 12.3) ori(0.0, 295.1, 0.0)
tim(304.9609) pos(-21.3, 1.0, 12.3) ori(0.0, 321.1, 0.0)
tim(305.4756) pos(-21.9, 1.0, 12.8) ori(0.0, 321.2, 0.0)
tim(305.9951) pos(-22.3, 1.0, 13.4) ori(0.0, 313.5, 0.0)
tim(306.4994) pos(-22.5, 1.0, 13.4) ori(0.0, 274.6, 0.0)
tim(307.0045) pos(-23.3, 1.0, 13.5) ori(0.0, 273.0, 0.0)
tim(307.5125) pos(-23.5, 1.0, 13.5) ori(0.0, 276.7, 0.0)
tim(308.0317) pos(-23.5, 1.0, 13.5) ori(0.0, 319.8, 0.0)
tim(308.5429) pos(-23.5, 1.0, 13.5) ori(0.0, 359.6, 0.0)
tim(309.0479) pos(-23.5, 1.0, 13.5) ori(0.0, 3.4, 0.0)
tim(309.5594) pos(-23.5, 1.0, 13.5) ori(0.0, 47.7, 0.0)
tim(310.0656) pos(-23.5, 1.0, 13.5) ori(0.0, 103.7, 0.0)
tim(310.5753) pos(-23.5, 1.0, 13.5) ori(0.0, 163.7, 0.0)
tim(311.0912) pos(-23.5, 1.0, 13.5) ori(0.0, 202.6, 0.0)
tim(311.5921) pos(-23.5, 1.0, 13.5) ori(0.0, 238.6, 0.0)
tim(312.1078) pos(-23.6, 1.0, 13.5) ori(0.0, 268.3, 0.0)
tim(312.6158) pos(-24.5, 1.0, 13.5) ori(0.0, 268.3, 0.0)
tim(313.1207) pos(-25.6, 1.0, 13.4) ori(0.0, 268.3, 0.0)
tim(313.6335) pos(-26.8, 1.0, 13.4) ori(0.0, 249.8, 0.0)
tim(314.1474) pos(-26.8, 1.0, 13.4) ori(0.0, 191.1, 0.0)
tim(314.6624) pos(-26.9, 1.0, 13.4) ori(0.0, 179.1, 0.0)
tim(315.1768) pos(-26.9, 1.0, 13.4) ori(0.0, 179.1, 0.0)
tim(315.691) pos(-26.9, 1.0, 13.4) ori(0.0, 183.0, 0.0)
tim(316.2044) pos(-26.9, 1.0, 13.4) ori(0.0, 215.0, 0.0)
tim(316.7194) pos(-26.9, 1.0, 13.4) ori(0.0, 183.1, 0.0)
tim(317.2342) pos(-26.9, 1.0, 13.4) ori(0.0, 180.8, 0.0)
tim(317.7365) pos(-26.9, 1.0, 13.0) ori(0.0, 199.8, 0.0)
tim(318.2463) pos(-27.1, 1.0, 12.7) ori(0.0, 193.5, 0.0)
tim(318.7512) pos(-27.3, 1.0, 11.7) ori(0.0, 186.9, 0.0)
tim(319.2626) pos(-27.1, 1.0, 10.5) ori(0.0, 158.3, 0.0)
tim(319.7844) pos(-26.6, 1.0, 8.6) ori(0.0, 158.3, 0.0)
tim(320.2904) pos(-26.3, 1.0, 7.9) ori(0.0, 155.5, 0.0)
tim(320.8081) pos(-26.3, 1.0, 7.9) ori(0.0, 130.5, 0.0)
tim(321.3219) pos(-26.3, 1.0, 7.9) ori(0.0, 86.5, 0.0)
tim(321.8465) pos(-26.3, 1.0, 7.9) ori(0.0, 34.5, 0.0)
tim(322.3508) pos(-26.3, 1.0, 7.9) ori(0.0, 354.5, 0.0)
tim(322.8673) pos(-26.4, 1.0, 8.3) ori(0.0, 325.0, 0.0)
tim(323.3688) pos(-26.8, 1.0, 9.1) ori(0.0, 325.0, 0.0)
tim(323.8797) pos(-27.5, 1.0, 10.3) ori(0.0, 350.6, 0.0)
tim(324.39) pos(-27.7, 1.0, 12.3) ori(0.0, 3.2, 0.0)
tim(324.9006) pos(-27.5, 1.0, 14.3) ori(0.0, 3.2, 0.0)
tim(325.4155) pos(-27.4, 1.0, 16.3) ori(0.0, 0.8, 0.0)
tim(325.9306) pos(-27.4, 1.0, 16.8) ori(0.0, 313.2, 0.0)
tim(326.443) pos(-27.5, 1.0, 16.8) ori(0.0, 263.6, 0.0)
tim(326.9573) pos(-28.0, 1.0, 17.0) ori(0.0, 276.9, 0.0)
tim(327.4661) pos(-28.9, 1.0, 17.0) ori(0.0, 277.3, 0.0)
tim(327.9807) pos(-30.1, 1.0, 17.2) ori(0.0, 277.3, 0.0)
tim(328.484) pos(-31.0, 1.0, 17.3) ori(0.0, 249.9, 0.0)
tim(328.9852) pos(-31.0, 1.0, 17.3) ori(0.0, 197.2, 0.0)
tim(329.4865) pos(-31.0, 1.0, 17.3) ori(0.0, 192.2, 0.0)
tim(330.0022) pos(-31.0, 1.0, 17.3) ori(0.0, 192.2, 0.0)
tim(330.5147) pos(-31.0, 1.0, 17.3) ori(0.0, 192.2, 0.0)
tim(331.0323) pos(-31.0, 1.0, 17.3) ori(0.0, 192.2, 0.0)
tim(331.5373) pos(-31.0, 1.0, 17.3) ori(0.0, 215.1, 0.0)
tim(332.0396) pos(-31.0, 1.0, 17.3) ori(0.0, 269.4, 0.0)
tim(332.5503) pos(-31.0, 1.0, 17.3) ori(0.0, 333.4, 0.0)
tim(333.0659) pos(-31.0, 1.0, 17.3) ori(0.0, 33.4, 0.0)
tim(333.5665) pos(-31.0, 1.0, 17.3) ori(0.0, 73.0, 0.0)
tim(334.0722) pos(-31.0, 1.0, 17.3) ori(0.0, 73.4, 0.0)
tim(334.5778) pos(-31.0, 1.0, 17.3) ori(0.0, 73.4, 0.0)
tim(335.0856) pos(-31.0, 1.0, 17.3) ori(0.0, 84.0, 0.0)
tim(335.586) pos(-30.5, 1.0, 17.3) ori(0.0, 84.0, 0.0)
tim(336.0907) pos(-29.5, 1.0, 17.4) ori(0.0, 84.0, 0.0)
tim(336.5973) pos(-28.5, 1.0, 17.5) ori(0.0, 98.3, 0.0)
tim(337.1166) pos(-28.3, 1.0, 17.5) ori(0.0, 98.3, 0.0)
tim(337.63) pos(-28.3, 1.0, 17.5) ori(0.0, 100.2, 0.0)
tim(338.1404) pos(-28.3, 1.0, 17.5) ori(0.0, 131.2, 0.0)
tim(338.6522) pos(-28.3, 1.0, 17.5) ori(0.0, 142.8, 0.0)
tim(339.1747) pos(-28.3, 1.0, 17.5) ori(0.0, 142.8, 0.0)
tim(339.6935) pos(-28.3, 1.0, 17.5) ori(0.0, 144.8, 0.0)
tim(340.2081) pos(-28.3, 1.0, 17.5) ori(0.0, 170.0, 0.0)
tim(340.7083) pos(-28.3, 1.0, 17.4) ori(0.0, 170.4, 0.0)
tim(341.2126) pos(-28.2, 1.0, 16.6) ori(0.0, 170.4, 0.0)
tim(341.7222) pos(-28.0, 1.0, 15.5) ori(0.0, 175.7, 0.0)
tim(342.2241) pos(-27.9, 1.0, 13.7) ori(0.0, 176.5, 0.0)
tim(342.739) pos(-27.7, 1.0, 11.6) ori(0.0, 170.1, 0.0)
tim(343.2536) pos(-27.5, 1.0, 10.4) ori(0.0, 170.1, 0.0)
tim(343.7681) pos(-27.8, 1.0, 12.0) ori(0.0, 170.1, 0.0)
tim(344.2821) pos(-28.1, 1.0, 14.1) ori(0.0, 170.1, 0.0)
tim(344.7867) pos(-28.3, 1.0, 14.9) ori(0.0, 137.7, 0.0)
tim(345.3049) pos(-28.3, 1.0, 14.9) ori(0.0, 101.8, 0.0)
tim(345.8242) pos(-27.8, 1.0, 14.8) ori(0.0, 98.9, 0.0)
tim(346.3365) pos(-26.9, 1.0, 14.6) ori(0.0, 98.9, 0.0)
tim(346.8482) pos(-25.3, 1.0, 14.4) ori(0.0, 99.4, 0.0)
tim(347.3517) pos(-23.4, 1.0, 14.0) ori(0.0, 112.0, 0.0)
tim(347.8661) pos(-22.2, 1.0, 13.5) ori(0.0, 140.1, 0.0)
tim(348.381) pos(-22.1, 1.0, 13.5) ori(0.0, 125.8, 0.0)
tim(348.8957) pos(-22.1, 1.0, 13.5) ori(0.0, 66.2, 0.0)
tim(349.4068) pos(-22.1, 1.0, 13.5) ori(0.0, 22.8, 0.0)
tim(349.9154) pos(-22.1, 1.0, 13.6) ori(0.0, 21.7, 0.0)
tim(350.4229) pos(-21.7, 1.0, 14.5) ori(0.0, 21.7, 0.0)
tim(350.9267) pos(-21.4, 1.0, 15.2) ori(0.0, 6.1, 0.0)
tim(351.4358) pos(-21.6, 1.0, 15.9) ori(0.0, 340.2, 0.0)
tim(351.9428) pos(-21.9, 1.0, 16.9) ori(0.0, 342.9, 0.0)
tim(352.4549) pos(-22.1, 1.0, 18.6) ori(0.0, 16.8, 0.0)
tim(352.9672) pos(-22.0, 1.0, 19.5) ori(0.0, 354.3, 0.0)
tim(353.4726) pos(-22.1, 1.0, 20.2) ori(0.0, 334.5, 0.0)
tim(353.9882) pos(-22.4, 1.0, 21.1) ori(0.0, 334.5, 0.0)
tim(354.5104) pos(-22.7, 1.0, 21.7) ori(0.0, 334.5, 0.0)
tim(355.0193) pos(-22.8, 1.0, 21.7) ori(0.0, 334.5, 0.0)
tim(355.5475) pos(-22.8, 1.0, 21.7) ori(0.0, 317.9, 0.0)
tim(356.071) pos(-23.2, 1.0, 22.3) ori(0.0, 316.0, 0.0)
tim(356.5765) pos(-23.6, 1.0, 22.7) ori(0.0, 316.0, 0.0)
tim(357.0815) pos(-23.6, 1.0, 22.8) ori(0.0, 317.5, 0.0)
tim(357.6084) pos(-23.6, 1.0, 22.8) ori(0.0, 324.8, 0.0)
tim(358.1484) pos(-24.1, 1.0, 23.3) ori(0.0, 324.8, 0.0)
tim(358.6527) pos(-24.6, 1.0, 24.1) ori(0.0, 324.8, 0.0)
tim(359.1711) pos(-25.6, 1.0, 25.6) ori(0.0, 324.8, 0.0)
tim(359.7087) pos(-26.8, 1.0, 27.4) ori(0.0, 341.5, 0.0)
tim(360.2223) pos(-27.0, 1.0, 27.8) ori(0.0, 346.5, 0.0)
tim(360.7238) pos(-27.0, 1.0, 27.8) ori(0.0, 346.5, 0.0)
tim(361.2401) pos(-26.8, 1.0, 27.1) ori(0.0, 346.5, 0.0)
tim(361.7744) pos(-26.6, 1.0, 26.2) ori(0.0, 346.5, 0.0)
tim(362.2795) pos(-26.1, 1.0, 24.3) ori(0.0, 346.5, 0.0)
tim(362.8116) pos(-26.0, 1.0, 23.7) ori(0.0, 346.5, 0.0)
tim(363.3296) pos(-26.0, 1.0, 23.7) ori(0.0, 5.1, 0.0)
tim(363.8539) pos(-26.0, 1.0, 23.7) ori(0.0, 35.5, 0.0)
tim(364.368) pos(-26.0, 1.0, 23.7) ori(0.0, 40.5, 0.0)
tim(364.8929) pos(-26.0, 1.0, 23.7) ori(0.0, 40.5, 0.0)
tim(365.4093) pos(-26.0, 1.0, 23.7) ori(0.0, 40.5, 0.0)
tim(365.9188) pos(-26.0, 1.0, 23.7) ori(0.0, 48.2, 0.0)
tim(366.4398) pos(-26.0, 1.0, 23.7) ori(0.0, 30.7, 0.0)
tim(366.9518) pos(-26.0, 1.0, 23.7) ori(0.0, 2.7, 0.0)
tim(367.4713) pos(-26.0, 1.0, 23.7) ori(0.0, 338.7, 0.0)
tim(367.9886) pos(-26.0, 1.0, 23.7) ori(0.0, 310.7, 0.0)
tim(368.491) pos(-26.0, 1.0, 23.7) ori(0.0, 251.8, 0.0)
tim(369.0055) pos(-26.6, 1.0, 23.7) ori(0.0, 240.5, 0.0)
tim(369.5198) pos(-27.5, 1.0, 23.3) ori(0.0, 240.5, 0.0)
tim(370.0341) pos(-29.0, 1.0, 22.6) ori(0.0, 250.5, 0.0)
tim(370.549) pos(-30.8, 1.0, 22.0) ori(0.0, 271.3, 0.0)
tim(371.0623) pos(-31.2, 1.0, 21.9) ori(0.0, 311.4, 0.0)
tim(371.5771) pos(-31.2, 1.0, 21.9) ori(0.0, 311.4, 0.0)
tim(372.091) pos(-31.2, 1.0, 21.9) ori(0.0, 311.4, 0.0)
tim(372.6056) pos(-31.2, 1.0, 21.9) ori(0.0, 311.4, 0.0)
tim(373.1211) pos(-31.2, 1.0, 21.9) ori(0.0, 333.7, 0.0)
tim(373.6245) pos(-31.2, 1.0, 21.9) ori(0.0, 12.3, 0.0)
tim(374.1416) pos(-31.2, 1.0, 21.9) ori(0.0, 16.9, 0.0)
tim(374.6559) pos(-31.2, 1.0, 21.9) ori(0.0, 9.6, 0.0)
tim(375.1617) pos(-31.2, 1.0, 21.9) ori(0.0, 326.0, 0.0)
tim(375.676) pos(-31.2, 1.0, 21.9) ori(0.0, 270.0, 0.0)
tim(376.1772) pos(-31.2, 1.0, 21.9) ori(0.0, 222.0, 0.0)
tim(376.6902) pos(-31.2, 1.0, 21.9) ori(0.0, 230.2, 0.0)
tim(377.2028) pos(-31.2, 1.0, 21.9) ori(0.0, 287.8, 0.0)
tim(377.7196) pos(-31.2, 1.0, 21.9) ori(0.0, 343.8, 0.0)
tim(378.2396) pos(-31.2, 1.0, 21.9) ori(0.0, 23.8, 0.0)
tim(378.7466) pos(-31.2, 1.0, 21.9) ori(0.0, 61.2, 0.0)
tim(379.2653) pos(-30.9, 1.0, 22.0) ori(0.0, 66.0, 0.0)
tim(379.7671) pos(-30.2, 1.0, 22.3) ori(0.0, 66.0, 0.0)
tim(380.2766) pos(-30.7, 1.0, 22.1) ori(0.0, 66.0, 0.0)
tim(380.7819) pos(-31.1, 1.0, 21.9) ori(0.0, 39.7, 0.0)
tim(381.2898) pos(-31.1, 1.0, 21.9) ori(0.0, 7.7, 0.0)
tim(381.7905) pos(-31.1, 1.0, 21.9) ori(0.0, 337.8, 0.0)
tim(382.3003) pos(-31.1, 1.0, 22.0) ori(0.0, 337.8, 0.0)
tim(382.8031) pos(-31.4, 1.0, 22.8) ori(0.0, 337.8, 0.0)
tim(383.3041) pos(-31.5, 1.0, 23.0) ori(0.0, 332.2, 0.0)
tim(383.8065) pos(-31.5, 1.0, 23.0) ori(0.0, 284.8, 0.0)
tim(384.3214) pos(-31.5, 1.0, 23.0) ori(0.0, 280.8, 0.0)
tim(384.8355) pos(-31.5, 1.0, 23.0) ori(0.0, 280.8, 0.0)
tim(385.3496) pos(-31.5, 1.0, 23.0) ori(0.0, 280.8, 0.0)
tim(385.8641) pos(-31.5, 1.0, 23.0) ori(0.0, 280.8, 0.0)
tim(386.379) pos(-31.5, 1.0, 23.0) ori(0.0, 280.8, 0.0)
tim(386.8933) pos(-31.5, 1.0, 23.0) ori(0.0, 259.9, 0.0)
tim(387.4081) pos(-31.5, 1.0, 23.0) ori(0.0, 253.9, 0.0)
tim(387.9224) pos(-31.5, 1.0, 23.0) ori(0.0, 253.9, 0.0)
tim(388.4536) pos(-31.5, 1.0, 23.0) ori(0.0, 268.3, 0.0)
tim(388.9672) pos(-31.5, 1.0, 23.0) ori(0.0, 277.1, 0.0)
tim(389.4815) pos(-31.5, 1.0, 23.0) ori(0.0, 313.8, 0.0)
tim(389.9938) pos(-31.5, 1.0, 23.0) ori(0.0, 346.2, 0.0)
tim(390.4984) pos(-31.5, 1.0, 23.0) ori(0.0, 346.2, 0.0)
tim(391.0112) pos(-31.5, 1.0, 23.0) ori(0.0, 346.2, 0.0)
tim(391.5193) pos(-31.5, 1.0, 23.0) ori(0.0, 346.2, 0.0)
tim(392.0352) pos(-31.5, 1.0, 23.0) ori(0.0, 346.2, 0.0)
tim(392.5383) pos(-31.5, 1.0, 23.0) ori(0.0, 2.1, 0.0)
tim(393.0594) pos(-31.5, 1.0, 23.0) ori(0.0, 26.1, 0.0)
tim(393.5669) pos(-31.5, 1.0, 23.0) ori(0.0, 54.1, 0.0)
tim(394.068) pos(-31.5, 1.0, 23.0) ori(0.0, 102.1, 0.0)
tim(394.5831) pos(-31.5, 1.0, 23.0) ori(0.0, 158.1, 0.0)
tim(395.0911) pos(-31.5, 1.0, 23.0) ori(0.0, 206.1, 0.0)
tim(395.5913) pos(-31.5, 1.0, 23.0) ori(0.0, 225.8, 0.0)
tim(396.0971) pos(-31.5, 1.0, 23.0) ori(0.0, 191.5, 0.0)
tim(396.6145) pos(-31.5, 1.0, 23.0) ori(0.0, 143.5, 0.0)
tim(397.13) pos(-31.5, 1.0, 23.0) ori(0.0, 105.8, 0.0)
tim(397.6415) pos(-31.5, 1.0, 23.0) ori(0.0, 105.8, 0.0)
tim(398.1571) pos(-30.7, 1.0, 22.8) ori(0.0, 105.8, 0.0)
tim(398.6669) pos(-29.7, 1.0, 22.5) ori(0.0, 93.6, 0.0)
tim(399.1762) pos(-27.8, 1.0, 22.7) ori(0.0, 77.2, 0.0)
tim(399.6805) pos(-27.2, 1.0, 22.8) ori(0.0, 77.2, 0.0)
tim(400.1928) pos(-27.2, 1.0, 22.8) ori(0.0, 96.7, 0.0)
tim(400.7139) pos(-27.2, 1.0, 22.8) ori(0.0, 122.3, 0.0)
tim(401.2285) pos(-27.2, 1.0, 22.8) ori(0.0, 122.3, 0.0)
tim(401.7462) pos(-27.2, 1.0, 22.8) ori(0.0, 117.0, 0.0)
tim(402.2587) pos(-27.2, 1.0, 22.8) ori(0.0, 66.7, 0.0)
tim(402.7735) pos(-27.2, 1.0, 22.8) ori(0.0, 27.6, 0.0)
tim(403.2907) pos(-27.2, 1.0, 22.8) ori(0.0, 4.5, 0.0)
tim(403.8058) pos(-27.2, 1.0, 22.8) ori(0.0, 357.5, 0.0)
tim(404.3226) pos(-27.2, 1.0, 22.8) ori(0.0, 10.1, 0.0)
tim(404.8318) pos(-27.2, 1.0, 22.8) ori(0.0, 29.9, 0.0)
tim(405.345) pos(-27.2, 1.0, 22.8) ori(0.0, 29.9, 0.0)
tim(405.8575) pos(-27.2, 1.0, 22.8) ori(0.0, 29.9, 0.0)
tim(406.3712) pos(-27.2, 1.0, 22.8) ori(0.0, 26.0, 0.0)
tim(406.8893) pos(-27.2, 1.0, 22.8) ori(0.0, 18.8, 0.0)
tim(407.4091) pos(-27.1, 1.0, 23.0) ori(0.0, 18.8, 0.0)
tim(407.9323) pos(-26.9, 1.0, 23.8) ori(0.0, 18.8, 0.0)
tim(408.4422) pos(-26.9, 1.0, 23.8) ori(0.0, 18.8, 0.0)
tim(408.9567) pos(-26.9, 1.0, 23.8) ori(0.0, 18.8, 0.0)
tim(409.4832) pos(-26.9, 1.0, 23.8) ori(0.0, 18.8, 0.0)
tim(410.0026) pos(-26.9, 1.0, 23.8) ori(0.0, 18.8, 0.0)
tim(410.5091) pos(-26.9, 1.0, 23.8) ori(0.0, 18.8, 0.0)
tim(411.043) pos(-26.9, 1.0, 23.8) ori(0.0, 18.8, 0.0)
tim(411.5447) pos(-26.9, 1.0, 23.8) ori(0.0, 18.8, 0.0)
tim(412.0709) pos(-26.9, 1.0, 23.8) ori(0.0, 18.8, 0.0)
tim(412.5843) pos(-26.9, 1.0, 23.8) ori(0.0, 18.8, 0.0)
tim(413.0957) pos(-26.9, 1.0, 23.8) ori(0.0, 18.8, 0.0)
tim(413.6015) pos(-26.9, 1.0, 23.8) ori(0.0, 18.8, 0.0)
tim(414.1043) pos(-26.9, 1.0, 23.8) ori(0.0, 18.8, 0.0)
tim(414.6318) pos(-26.9, 1.0, 23.8) ori(0.0, 18.8, 0.0)
tim(415.1646) pos(-26.9, 1.0, 23.8) ori(0.0, 18.8, 0.0)
tim(415.6976) pos(-26.9, 1.0, 23.8) ori(0.0, 18.8, 0.0)
tim(416.2011) pos(-26.8, 1.0, 24.1) ori(0.0, 18.8, 0.0)
tim(416.7285) pos(-26.4, 1.0, 25.1) ori(0.0, 15.0, 0.0)
tim(417.2397) pos(-26.2, 1.0, 26.5) ori(0.0, 2.2, 0.0)
tim(417.7756) pos(-26.2, 1.0, 28.4) ori(0.0, 345.9, 0.0)
tim(418.3006) pos(-26.3, 1.0, 28.9) ori(0.0, 313.9, 0.0)
tim(418.8042) pos(-26.7, 1.0, 29.1) ori(0.0, 297.4, 0.0)
tim(419.3339) pos(-27.4, 1.0, 29.7) ori(0.0, 328.9, 0.0)
tim(419.8874) pos(-27.9, 1.2, 31.1) ori(0.0, 4.9, 0.0)
end
